0 1e-08 0 -0.1962 0
0.125 1e-08 -4.95649291992187e-08 -0.1962 0
0.25 1e-08 -8.01364226388931e-08 -0.1962 0
0.375 1e-08 -9.89928242565673e-08 -0.1962 0
0.5 1e-08 -1.10623393848094e-07 -0.1962 0
0.625 1e-08 -1.17797092826617e-07 -0.1962 0
0.75 1e-08 -1.22221807938761e-07 -0.1962 0
0.875 1e-08 -1.24950958392697e-07 -0.1962 0
1 1e-08 -1.26634289864089e-07 -0.1962 0
1.125 1e-08 -1.27672563455233e-07 -0.1962 0
1.25 1e-08 -1.28312967361646e-07 -0.1962 0
1.375 1e-08 -1.28707966489859e-07 -0.1962 0
1.5 1e-08 -1.28951600717768e-07 -0.1962 0
1.625 1e-08 -1.29101873548186e-07 -0.1962 0
1.75 1e-08 -1.29194561360385e-07 -0.1962 0
1.875 1e-08 -1.292517309133e-07 -0.1962 0
2 1e-08 -1.29286992914883e-07 -0.1962 0
