0 1e-08 0 -0.1962 0
0.0625 1e-08 -2.91878036499023e-08 -0.1962 0
0.125 1e-08 -5.55793929071724e-08 -0.1962 0
0.1875 1e-08 -7.9442647295167e-08 -0.1962 0
0.25 1e-08 -1.01019783269624e-07 -0.1962 0
0.3125 1e-08 -1.20529812760591e-07 -0.1962 0
0.375 1e-08 -1.38170766184112e-07 -0.1962 0
0.4375 1e-08 -1.54121702487666e-07 -0.1962 0
0.5 1e-08 -1.6854452663167e-07 -0.1962 0
0.5625 1e-08 -1.81585632954847e-07 -0.1962 0
0.625 1e-08 -1.93377391103899e-07 -0.1962 0
0.6875 1e-08 -2.04039489609961e-07 -0.1962 0
0.75 1e-08 -2.13680150749378e-07 -0.1962 0
0.8125 1e-08 -2.22397229019872e-07 -0.1962 0
0.875 1e-08 -2.30279204381835e-07 -0.1962 0
0.9375 1e-08 -2.37406080346329e-07 -0.1962 0
1 1e-08 -2.43850196025553e-07 -0.1962 0
1.0625 1e-08 -2.49676960388242e-07 -0.1962 0
1.125 1e-08 -2.54945516172825e-07 -0.1962 0
1.1875 1e-08 -2.59709340197186e-07 -0.1962 0
1.25 1e-08 -2.64016786158276e-07 -0.1962 0
1.3125 1e-08 -2.67911575431102e-07 -0.1962 0
1.375 1e-08 -2.71433240848786e-07 -0.1962 0
1.4375 1e-08 -2.74617527968155e-07 -0.1962 0
1.5 1e-08 -2.77496757893765e-07 -0.1962 0
1.5625 1e-08 -2.80100155343102e-07 -0.1962 0
1.625 1e-08 -2.82454145282889e-07 -0.1962 0
1.6875 1e-08 -2.8458262114739e-07 -0.1962 0
1.75 1e-08 -2.86507187361199e-07 -0.1962 0
1.8125 1e-08 -2.88247378628159e-07 -0.1962 0
1.875 1e-08 -2.89820858212219e-07 -0.1962 0
1.9375 1e-08 -2.91243597222845e-07 -0.1962 0
2 1e-08 -2.92530036724739e-07 -0.1962 0
