0 1e-08 0 -0.140068750906888 0
0.09765625 7.07639226025462e-09 -5.11228647209047e-08 -0.151314363921714 0
0.1953125 0.0369458383504254 0.650784442461964 -0.179011718926285 0
0.29296875 0.148657960049149 1.35133430300428 -0.207387264359559 0
0.390625 0.301254728069276 1.44104903028323 -0.223018515472798 0
0.48828125 0.410567433507783 0.599738576231063 -0.221122751864393 0
0.5859375 0.383505669876781 -1.11028207872638 -0.201942551396306 0
0.68359375 0.155591219157122 -3.13719683762743 -0.16425782265809 0
0.78125 -0.245303364578766 -4.09179148720466 -0.116294475911057 0
0.87890625 -0.619465581926792 -2.55523454792946 -0.0909613104133737 0
0.9765625 -0.705595085654788 0.998247845811103 -0.0987658937598872 0
1.07421875 -0.40073276351111 4.54552348664039 -0.116970056747327 0
1.171875 0.192732836470656 6.13695313288776 -0.128412670111089 0
1.26953125 0.804964962115514 5.08163136122121 -0.121267110834493 0
1.3671875 1.18953111225091 2.30674071861548 -0.105667156175275 0
1.46484375 1.24810503427676 -1.13861879508885 -0.0870774876800162 0
1.5625 0.938603566236759 -5.03913335864631 -0.0616441762220585 0
1.66015625 0.225785563455894 -8.41115431786398 -0.0140782385917104 0
1.7578125 -0.701704011560037 -8.09241629645034 0.0356372305895217 0
1.85546875 -1.31576105200099 -3.44796249431954 0.0258896751305992 0
1.953125 -1.36855849389351 2.38905103197342 0.000259316811498187 0
2.05078125 -0.870254873458507 7.48227286148082 -0.0195623654020852 0
2.1484375 0.065979430033415 10.0202728945359 -0.0282919598110386 0
2.24609375 1.06797265537631 8.75309212312307 0.0148282877374838 0
2.34375 1.76840932749928 5.41368384573429 0.0652400771530879 0
2.44140625 2.11881130201939 2.13505877259651 0.108505889592011 0
2.5390625 2.16659053052707 -1.07372230007421 0.142673155687659 0
2.63671875 1.87351937196809 -5.40671473096516 0.169462925429826 0
2.734375 1.0770155363022 -10.8602189230094 0.196783846899881 0
2.83203125 -0.230466061189363 -12.5381539378722 0.157181983167919 0
2.9296875 -1.34665280360169 -8.6609052997973 0.107656021573536 0
3.02734375 -1.95704545115229 -4.31054951783397 0.0819746240688586 0
3.125 -2.21513490076929 -1.32053075555908 0.0777455909289539 0
3.22265625 -2.20727138285279 1.49042669956928 0.0853364076721883 0
3.3203125 -1.8939743438366 5.1080002775846 0.105471014736545 0
3.41796875 -1.17247268617048 9.20712358038012 0.117934598345162 0
3.515625 -0.0590644050507826 10.9997121483866 0.0958780230847494 0
3.61328125 1.00340717191344 8.26217534546862 0.0864666926604489 0
3.7109375 1.56986082832361 2.81575974188592 0.0545374930962253 0
3.80859375 1.57271108580823 -2.75867264798721 0.0232164852517444 0
3.90625 1.0675680419696 -6.997769819733 -0.0209743915390293 0
4.00390625 0.232844794207515 -8.55381302672561 -0.087091054179323 0
4.1015625 -0.630208971679275 -7.65804668682298 -0.0800834489359744 0
4.19921875 -1.29184136170548 -5.06256865747784 -0.0177315195477869 0
4.296875 -1.59970151932846 -0.99532616938229 0.0260725077312233 0
4.39453125 -1.44710647666979 4.0137337599087 0.0542942075194426 0
4.4921875 -0.780744911066089 8.59404968595069 0.0644166444894265 0
4.58984375 0.266127523823359 9.95901251665625 0.0524818915090696 0
4.6875 1.20330338222777 7.08830639411846 0.0439712097290388 0
4.78515625 1.68943803899752 2.43659435471113 0.0161046388435942 0
4.8828125 1.71833240565809 -1.8516338556233 -0.00495776608097758 0
4.98046875 1.35725111134397 -5.44578096215002 -0.0235413126898986 0
5.078125 0.647099958404639 -8.5254766072999 -0.0317360289633907 0
5.17578125 -0.347091050961242 -9.95063000193661 0.0256783947213398 0
5.2734375 -1.29146393090479 -7.46281536637617 0.0994501284528624 0
5.37109375 -1.76611227461635 -2.0071185433106 0.102096947439135 0
5.46875 -1.67457938576917 3.91804598336993 0.0983789337138607 0
5.56640625 -1.01481133955494 9.38843916333819 0.0929334583676935 0
5.6640625 0.144275778116038 12.0690865881385 0.0838820750145789 0
5.76171875 1.34585909580033 10.3192207851153 0.131181239978704 0
5.859375 2.18205798397054 6.87326753518103 0.164170018956346 0
5.95703125 2.71523720162269 4.81824811441167 0.199332260033405 0
6.0546875 3.14547960445314 4.87490475319245 0.249505508162047 0
6.15234375 3.6809222690665 7.22449688194029 0.31018576870778 0
6.25 4.56447554730857 11.8561789746267 0.365085825145455 0
6.34765625 6.01199980243534 15.5008327987237 0.342141653044032 0
6.4453125 7.62805426561055 13.756246071889 0.360712239618017 0
6.54296875 8.73262402059047 9.20674098194985 0.313321544876594 0
6.640625 9.44907132932042 6.81397889118092 0.254318616682654 0
6.73828125 10.0852562956134 7.41089069107153 0.221028781504398 0
6.8359375 10.9198201045912 10.3415169002716 0.198360375152852 0
6.93359375 12.1233967797582 12.7942157158795 0.149533725844572 0
7.03125 13.4173660978321 11.118697977496 0.150139022769525 0
7.12890625 14.2714780669518 6.1313249578689 0.15476637584986 0
7.2265625 14.5863792330183 0.644432712788714 0.139195417767162 0
7.32421875 14.3804652021269 -5.02862697779091 0.129703528573852 0
7.421875 13.6211040559382 -9.87366150051853 0.0971502631423308 0
7.51953125 12.489273065757 -10.8212163326593 0.0079067078063132 0
7.6171875 11.4866738419527 -8.35217440971517 0.00321047865902602 0
7.71484375 10.8274497843997 -4.98443411435162 0.048084779654764 0
7.8125 10.5302280374023 -1.18026686912539 0.0839847188029221 0
7.91015625 10.6357667543685 3.38055285979368 0.118523114356426 0
8.0078125 11.2259853256562 8.48926137256217 0.150140935445389 0
8.10546875 12.3276019672366 11.7124582890698 0.138671457065855 0
8.203125 13.552530895446 10.1302483960841 0.13407592026615 0
8.30078125 14.3418836627871 5.27915435964431 0.100973759817335 0
8.3984375 14.6174313187729 0.4292352124545 0.0649519635124105 0
8.49609375 14.4646407041566 -3.61462440560689 0.0462446253585928 0
8.59375 13.9410859113672 -7.11159478761359 0.02509703331944 0
8.69140625 13.0621813427395 -10.1399151911563 0.0201748051917788 0
8.7890625 11.923699191727 -10.8024064853222 0.0969351541493532 0
8.88671875 10.9742999998372 -7.14184784814023 0.153777634563956 0
8.984375 10.5598598084663 -1.48126296074619 0.143121170713244 0
9.08203125 10.6777928859008 4.03219549329607 0.135681515354193 0
9.1796875 11.3206492191275 9.39165512767873 0.125466855416243 0
9.27734375 12.4841963800205 12.7097977287328 0.106610657609787 0
9.375 13.7909905500314 11.6042958954862 0.16133909015253 0
9.47265625 14.7626526233339 8.36114260649965 0.214186960673511 0
9.5703125 15.4461207558764 6.73188125852013 0.261527823573214 0
9.66796875 16.0995523538289 7.97294729307441 0.322880008656828 0
9.765625 17.0244171962431 12.0329503970939 0.382644624625568 0
9.86328125 18.4780995850245 15.5500921212623 0.356888914899065 0
9.9609375 20.1007601585192 13.7673178334086 0.363459581492689 0
10.05859375 21.1899650456112 8.83913671159817 0.310793034666551 0
10.15625 21.8356909684301 5.64477935443183 0.242206729907697 0
10.25390625 22.3024541256928 4.91977585415606 0.196128857777162 0
10.3515625 22.8145143527011 6.42892937311094 0.173609868486881 0
10.44921875 23.5817352837949 9.66676245212804 0.159057636315363 0
10.546875 24.7234994968125 12.0625680511618 0.119061018619369 0
10.64453125 25.9418399935586 10.3130734954021 0.116497928832508 0
10.7421875 26.7214669700918 5.20102287618129 0.113074603310783 0
10.83984375 26.93802712748 -0.663609851516735 0.0960047334959079 0
10.9375 26.5896184009957 -6.42984455916844 0.0844773460899758 0
11.03515625 25.7146637821648 -9.92733264237983 0.0237675100476017 0
11.1328125 24.6730693321314 -9.17608231909144 -0.0433865125157181 0
11.23046875 23.887193586203 -6.15215231897496 -0.0305433766805007 0
11.328125 23.450856733713 -2.67154253114626 0.00723133250784907 0
11.42578125 23.3864586880917 1.36180091942857 0.0396324521259673 0
11.5234375 23.7547736873817 5.9554511305382 0.0674754557155096 0
11.62109375 24.5887793252726 9.5288873489219 0.0677288452056082 0
11.71875 25.6549414682529 9.28738281855596 0.0548045041783176 0
11.81640625 26.4376412004838 5.23009196065808 0.0330420392341564 0
11.9140625 26.7094338312272 0.100556505974621 -0.00207400270422638 0
12.01171875 26.496002494913 -4.29803932744733 -0.0356527875732637 0
12.109375 25.8989789563795 -7.17893355808002 -0.0821565070413748 0
12.20703125 25.0768642034343 -8.30967742541804 -0.0908584710103165 0
12.3046875 24.2396300586255 -7.30623086137004 -0.0208903081415322 0
12.40234375 23.6627252211115 -3.71175746639307 0.0364512188877738 0
12.5 23.5538826696182 1.55419926722741 0.0581991855557134 0
12.59765625 23.9931224444227 7.06828075950761 0.0723204859158955 0
12.6953125 24.9535227161315 10.5181974980854 0.0635075533884791 0
12.79296875 26.0751947862694 9.55161494517523 0.0702194522157988 0
12.890625 26.8559459675111 5.57301655109505 0.064136442573524 0
12.98828125 27.2016660264498 1.58252165457405 0.0553830746710606 0
13.0859375 27.1976440901826 -1.66804196462255 0.0619113404219492 0
13.18359375 26.887240349369 -4.97254366554484 0.0745251249488711 0
13.28125 26.2011692704829 -9.21844754979197 0.0982557306247813 0
13.37890625 25.0523385212845 -12.1184862507082 0.146967423418263 0
13.4765625 23.8613387832948 -9.5108734794114 0.178713718358804 0
13.57421875 23.2137226467426 -3.85047158188381 0.136835632416157 0
13.671875 23.0804481495341 0.917161932899273 0.102004722354041 0
13.76953125 23.3537432887598 5.05736295855182 0.0688979834400247 0
13.8671875 24.03349352486 9.00732286943815 0.0310734137168144 0
13.96484375 25.0783419458188 10.9573041670393 0.00457837690337926 0
14.0625 26.13469026179 9.13105816725435 0.0444442113089786 0
14.16015625 26.8237118106129 5.01227058948816 0.0903936469731774 0
14.2578125 27.0756583464397 0.444605228060595 0.116886889970313 0
14.35546875 26.8719750580149 -4.84478479826221 0.135964688097244 0
14.453125 26.1105464388897 -10.2768005105385 0.146193685523158 0
14.55078125 24.8965385862729 -11.3914643750001 0.0845661901398564 0
14.6484375 23.8972446679089 -7.66861713028181 0.0356730962982765 0
14.74609375 23.3602337587331 -3.53426381001482 0.0243149197154176 0
14.84375 23.1868796248772 -0.145227024945683 0.0300886858692783 0
14.94140625 23.3441971172739 3.4252165468214 0.0437416648333013 0
15.0390625 23.8852366666818 7.33356715026423 0.0555467367853242 0
15.13671875 24.8093056663957 9.67387112197826 0.0419966253104415 0
15.234375 25.8013726723287 8.07824509348768 0.032340498429575 0
15.33203125 26.4038292648675 3.29187963552602 0.0121124867233339 0
15.4296875 26.4638903074437 -2.12678952919452 -0.0155667150748563 0
15.52734375 26.0241786969655 -6.1564968519444 -0.0590374283138488 0
15.625 25.2914622552712 -7.29512285335922 -0.124432087767933 0
15.72265625 24.5790146103407 -6.05323821713959 -0.136836804140302 0
15.8203125 24.0726368508563 -3.65797940281105 -0.096270125370932 0
15.91796875 23.8641835439799 -0.361448850580318 -0.0542038174130459 0
16.015625 24.0323334281721 3.56220385091076 -0.027554167632482 0
16.11328125 24.5985621410542 6.78627666436659 -0.0221439736150348 0
16.2109375 25.3969362349832 7.25709338873468 -0.0326312415087701 0
16.30859375 26.0546207157054 4.54745631920157 -0.049341158342003 0
16.40625 26.3239287408461 0.491231605095735 -0.0776921324868802 0
16.50390625 26.1883411003795 -3.06468879474991 -0.111476389382742 0
16.6015625 25.7434466732009 -5.35844952192516 -0.147153945772608 0
16.69921875 25.1180543809748 -6.39635437184094 -0.145968365299282 0
16.796875 24.4578561530372 -5.85301028273435 -0.0870817464516242 0
16.89453125 23.9811857589553 -3.02705754586918 -0.0308996753792228 0
16.9921875 23.9046420935026 1.57301512050306 -0.00831513549779057 0
17.08984375 24.3226110755986 6.26753774354398 -0.00293990793765848 0
17.1875 25.1567175611346 8.65241771752976 -0.0129889095334122 0
17.28515625 26.0442847224737 7.24446485903246 -0.0143960668182736 0
17.3828125 26.6073999233086 3.5028320982538 -0.0236949335606129 0
17.48046875 26.7619751167239 -0.407903048453651 -0.031844782206086 0
17.578125 26.5464238324265 -3.975112683067 -0.0345807793583762 0
17.67578125 25.9702182803233 -7.53162879697327 -0.0264866863502737 0
17.7734375 25.0363518046849 -9.91876166909784 0.0263652471287527 0
17.87109375 24.0383945789555 -8.14571451460234 0.0926790110612596 0
17.96875 23.4833882315096 -2.74982076893117 0.0858282144449951 0
18.06640625 23.5045215167588 3.18919563770379 0.0701413109357243 0
18.1640625 24.0847506955379 8.58055525377575 0.0564787594828458 0
18.26171875 25.1556059642294 11.5089743133097 0.044132221837679 0
18.359375 26.3210871079601 10.2304703955696 0.0934860567880446 0
18.45703125 27.1609064971167 6.91590745007531 0.14362375682555 0
18.5546875 27.6849111012272 4.55360613977046 0.189986418177793 0
18.65234375 28.0572878495368 3.8829814055335 0.240587236562037 0
18.75 28.4381453058635 4.88672203261736 0.287867533431859 0
18.84765625 28.9951973124926 7.86933183765486 0.327303691189765 0
18.9453125 29.9542280749285 12.799101296909 0.349395782357625 0
19.04296875 31.4839256806028 15.8731559481485 0.321717500196605 0
19.140625 33.075248415873 13.768662467259 0.377136537876285 0
19.23828125 34.2121202042163 10.4493760007008 0.362185580417535 0
19.3359375 35.1530026031029 10.4919232229319 0.341453846558405 0
19.43359375 36.2935720045301 13.4513812733257 0.309398238496355 0
19.53125 37.799329871376 14.7044837289424 0.249801241328948 0
19.62890625 39.1534663716756 11.3419542712737 0.276939193603643 0
19.7265625 39.9819165238593 6.60972805886229 0.271560823455611 0
19.82421875 40.4089995195215 3.16140703755722 0.245295507919422 0
19.921875 40.5693832875011 0.538379995618614 0.209389119227002 0
20.01953125 40.5008049189451 -2.098280504552 0.180104557111921 0
20.1171875 40.1750237627792 -5.10105208459268 0.168122941130655 0
20.21484375 39.5432471642237 -8.33857060666162 0.149199451664733 0
20.3125 38.5620614098304 -11.5005725742119 0.111553666579623 0
20.41015625 37.2597737012695 -12.8978747408031 0.161348659717565 0
20.5078125 36.0468158661157 -9.98398360389688 0.253114119576914 0
20.60546875 35.3455053969212 -4.88789833345058 0.241278366025948 0
20.703125 35.0828484287797 -1.09067159239444 0.22254589904157 0
20.80078125 35.0961343834317 1.39813583525485 0.198132971684607 0
20.8984375 35.3182968161588 3.68997398578259 0.161671624132986 0
20.99609375 35.7880755345112 6.72043294884245 0.120873010251486 0
21.09375 36.6084484312258 10.2465338678843 0.0756369573319275 0
21.19140625 37.7627522419835 11.6599346312151 0.0460169144968886 0
21.2890625 38.8490084690638 9.16450404194307 0.0876499305918547 0
21.38671875 39.5135216070117 4.69673472860485 0.12403858052037 0
21.484375 39.7271380219716 -0.0216424752214248 0.14006376944799 0
21.58203125 39.4738546247711 -5.45468281540052 0.152261321016603 0
21.6796875 38.6543215728126 -10.6856712351145 0.146569536244413 0
21.77734375 37.424723938406 -11.3631393243273 0.0679465150655016 0
21.875 36.4316554205218 -7.79302410118543 0.0318935977352183 0
21.97265625 35.8641419891232 -4.03302559283581 0.039956948085591 0
22.0703125 35.6389178972193 -0.734545026781334 0.0591282226795657 0
22.16796875 35.7482666058346 3.0269192707636 0.0846794480585713 0
22.265625 36.2684197964144 7.46805656355675 0.111121132208928 0
22.36328125 37.2460349560756 10.6790977146701 0.102686032991564 0
22.4609375 38.391077329051 9.65086126426813 0.0900527848659815 0
22.55859375 39.1580987739605 4.90954170367604 0.0630926389559461 0
22.65625 39.3746586668556 -0.578757472073785 0.0261055803572167 0
22.75390625 39.0808281273788 -5.23442045558519 -0.00846862753997218 0
22.8515625 38.3856359072944 -8.03824271253653 -0.0655974280441319 0
22.94921875 37.4969120334195 -8.63361781691624 -0.0807459356436295 0
23.046875 36.662755701503 -7.07921686835017 -0.0121956252657118 0
23.14453125 36.1263191130394 -3.31997662457574 0.0434543686062852 0
23.2421875 36.0535116331519 1.8632652077143 0.0694361540556734 0
23.33984375 36.5197447181218 7.32362452059262 0.0883030945782221 0
23.4375 37.5071375536637 10.7398760681502 0.0796529662472124 0
23.53515625 38.648987164074 9.64532235117691 0.0832153849563612 0
23.6328125 39.4296041870498 5.47319703898914 0.0698226781301211 0
23.73046875 39.7570660044338 1.29258311470023 0.0536460953200769 0
23.828125 39.7176220146613 -2.12645606716018 0.0536321205512213 0
23.92578125 39.3574521256067 -5.50023203432202 0.0594112248793089 0
24.0234375 38.6201916543114 -9.54037959818469 0.0781623020059483 0
24.12109375 37.4593546739474 -11.8663139064525 0.135007395788611 0
24.21875 36.3294654151821 -8.85745498212042 0.173820246648399 0
24.31640625 35.7505922106494 -3.13890425494517 0.137828863510145 0
24.4140625 35.691392931061 1.83937507706359 0.107377978329758 0
24.51171875 36.0709919556801 6.38176747936456 0.0769543983303415 0
24.609375 36.899167952115 10.3857863839696 0.0397964917812171 0
24.70703125 38.0602603580403 11.4708486717371 0.0373007712822253 0
24.8046875 39.1043119144876 8.87665976976001 0.101639318020408 0
24.90234375 39.7670399296933 5.22380161478189 0.156621408397187 0
25 40.0970442121823 2.17903407469844 0.193405378671225 0
25.09765625 40.1571219977555 -0.804199087727588 0.208934403024285 0
25.1953125 39.9014310448887 -4.97385063840993 0.214633302420217 0
25.29296875 39.1687662825757 -10.3693988292811 0.218932481575125 0
25.390625 37.9085305635164 -12.8980853603275 0.13097197485056 0
25.48828125 36.6584102750364 -10.6129846312211 0.0898860874995909 0
25.5859375 35.7968323192441 -7.14086346704718 0.122339972521244 0
25.68359375 35.2680792452922 -4.18460567584948 0.155254907201797 0
25.78125 35.0175580852977 -1.29891362215617 0.181272680941288 0
25.87890625 35.0446807936691 1.90364560052084 0.215116212639846 0
25.9765625 35.398150771709 5.98592707841483 0.256659118063709 0
26.07421875 36.2097167444182 11.2568140065142 0.289658013582886 0
26.171875 37.597654262418 14.7430075456347 0.269034408907126 0
26.26953125 39.1152786884121 12.9788856503941 0.303014016610384 0
26.3671875 40.1718075701366 8.94583722389418 0.28152989794754 0
26.46484375 40.8991792615021 7.18099796281591 0.25513015363583 0
26.5625 41.6103744767152 8.53026334190303 0.253631079249635 0
26.66015625 42.6008391142447 11.965999992299 0.245225686374389 0
26.7578125 43.9764493599073 13.5137514825734 0.198064491260198 0
26.85546875 45.2456899643376 10.2919720874306 0.204441487527153 0
26.953125 45.9696846527728 4.81855331653608 0.180114149753994 0
27.05078125 46.1684950094472 -0.483720169083535 0.148682783804684 0
27.1484375 45.8751730799087 -5.75773536997679 0.131060881147061 0
27.24609375 45.0764271963465 -9.99613602378474 0.0817440097816952 0
27.34375 43.9475390558279 -11.0544434165931 0.00489465580945272 0
27.44140625 42.8818831968484 -9.27033800764524 0.0464773847392628 0
27.5390625 42.1267800666461 -5.83536255130534 0.112849739709619 0
27.63671875 41.7783841889354 -1.46155739727777 0.143526270305255 0
27.734375 41.8728010944344 3.486590604854 0.174006813263983 0
27.83203125 42.4725250949588 9.02586419948761 0.206574655600004 0
27.9296875 43.6456773197449 13.0814148228486 0.196978391966095 0
28.02734375 45.0541449857404 12.1755643956881 0.211640014614176 0
28.125 46.0627422632744 7.91542545300698 0.197869456938261 0
28.22265625 46.6383480761814 4.51098943824714 0.172046179656419 0
28.3203125 46.9827415192083 3.11807403689629 0.174230807735977 0
28.41796875 47.2856000266999 3.64153216152319 0.203921042272554 0
28.515625 47.7262738223447 6.1589644265716 0.254576758170765 0
28.61328125 48.5145085497802 10.661059632557 0.307897393755453 0
28.7109375 49.8374142945722 14.3991663838339 0.292299145567996 0
28.80859375 51.3658536347443 12.9873685384984 0.292751603327176 0
28.90625 52.4029363961117 8.0056957430526 0.248872396293169 0
29.00390625 52.9474497145549 3.93691181052555 0.189077348538464 0
29.1015625 53.1945169923423 1.57092107043979 0.156580976140047 0
29.19921875 53.2883400619154 0.517361063526217 0.153648711418313 0
29.296875 53.3346790909913 0.5164774847172 0.174466156104075 0
29.39453125 53.4189647745042 1.38455021267852 0.210761702700083 0
29.4921875 53.615238581728 3.0995495878228 0.252341646503112 0
29.58984375 54.0155522579161 6.05859440635757 0.290224950316089 0
29.6875 54.7794208270055 10.766471506174 0.318649914482081 0
29.78515625 56.1020358382082 15.0882633491437 0.299907248789059 0
29.8828125 57.7344772511713 14.5392636593807 0.337127209987653 0
29.98046875 58.9776476754506 10.8835829897347 0.34801174776723 0
30.078125 59.8989778835136 9.53357574495168 0.330551497500507 0
30.17578125 60.8760474220225 11.7152323111862 0.321367776431853 0
30.2734375 62.2176947735093 14.5232009928747 0.265863906040121 0
30.37109375 63.7218109010176 13.1809139594686 0.260309811595654 0
30.46875 64.7704905241169 8.33777995620888 0.26430957866908 0
30.56640625 65.3184277528195 3.90952933481922 0.237410146232255 0
30.6640625 65.5056100541502 0.362696519960952 0.202862675268158 0
30.76171875 65.3771048658123 -3.25254339576766 0.177605628520717 0
30.859375 64.8890500653752 -7.25937452707869 0.163259372491115 0
30.95703125 63.9982855248296 -10.741666156792 0.109745958772892 0
31.0546875 62.7870660618889 -12.3462691061882 0.0775234733757498 0
31.15234375 61.5512028680611 -10.9036622202601 0.179662272763587 0
31.25 60.6849021394988 -6.62218037407036 0.225610095929716 0
31.34765625 60.2863671235274 -2.13931380944393 0.224334165418414 0
31.4453125 60.2567304570226 1.4626737458458 0.223457491222866 0
31.54296875 60.5394693413739 4.99666112296499 0.21260471489723 0
31.640625 61.1941245552158 9.38141398674914 0.189535583014488 0
31.73828125 62.3330609348883 13.2978491968201 0.151668962997244 0
31.8359375 63.759329215761 13.2825310503723 0.191483778800624 0
31.93359375 64.9189964705347 10.2849619622937 0.273180286745109 0
32.03125 65.7782774621317 8.76042084729389 0.337761697905041 0
32.12890625 66.6466340384296 10.7266747231815 0.408806811022825 0
32.2265625 67.8961808578393 15.0682588700692 0.436631982417755 0
32.32421875 69.6260257169785 16.0370133770353 0.398462800982962 0
32.421875 71.0593258364225 11.8583567699717 0.391040153572706 0
32.51953125 71.9483100763037 7.82222239943312 0.316086332133517 0
32.6171875 72.5852884037485 6.73148808347446 0.251356043582083 0
32.71484375 73.2630797221317 8.39878675424246 0.203308165996768 0
32.8125 74.225943543354 11.5777020133523 0.153466856401186 0
32.91015625 75.5138095869559 12.7046530785926 0.11373836738895 0
33.0078125 76.6771946252715 9.69493466026513 0.150785763206279 0
33.10546875 77.3690404366227 4.95888369410535 0.17237341619614 0
33.203125 77.6073504948715 0.33360528595567 0.173162889924766 0
33.30078125 77.4030504657265 -4.82289642573493 0.171863717200483 0
33.3984375 76.6642215985695 -10.1474850424227 0.160189229173225 0
33.49609375 75.459720077826 -11.8946898220326 0.0674090575535742 0
33.59375 74.3355630331794 -9.4401726470644 0.0418210244557222 0
33.69140625 73.5794798256026 -6.0165532342697 0.079552954565183 0
33.7890625 73.1700299677939 -2.62138456344638 0.11379291029383 0
33.88671875 73.1056678394308 1.24332895073307 0.145719899744773 0
33.984375 73.4469482657376 6.01505033459955 0.187970149964474 0
34.08203125 74.3060624821512 11.1246155713231 0.21317585402309 0
34.1796875 75.6500938824559 12.979351508715 0.19377785470297 0
34.27734375 76.8802965278355 9.75663503755341 0.192373524851605 0
34.375 77.5896940905845 4.85111612774221 0.147104827612561 0
34.47265625 77.8612794573476 1.00322152139394 0.116327907630497 0
34.5703125 77.8244987557074 -1.80257425825594 0.111867849570471 0
34.66796875 77.5418810587214 -4.34627303205272 0.119058079510945 0
34.765625 76.9763200551622 -7.80925620628104 0.130035342568663 0
34.86328125 75.9796537429138 -12.0249029515837 0.163348643621051 0
34.9609375 74.6187885449788 -12.3100571232538 0.218720169093874 0
35.05859375 73.6133949640052 -7.35623888040962 0.200124026926042 0
35.15625 73.1680925873607 -2.42252060108208 0.157334584200985 0
35.25390625 73.1011502163981 0.91083889421086 0.123874889073332 0
35.3515625 73.3153124998889 3.85114248597387 0.0906320458211237 0
35.44921875 73.8370304997167 7.24594405629995 0.0594361967606579 0
35.546875 74.7202152074972 10.1321575497116 0.0227242259659905 0
35.64453125 75.7983625534073 9.89125888512724 0.0152349465517259 0
35.7421875 76.6223878903732 6.04953901068127 0.0394951444563406 0
35.83984375 76.9469168659838 0.596415191969102 0.0499593772605992 0
35.9375 76.715441828717 -5.28614570596593 0.0595323204162728 0
36.03515625 75.9251153790898 -9.39474112584071 0.0380577381002697 0
36.1328125 74.9191252548504 -8.59911895950344 -0.0280783320298331 0
36.23046875 74.2341005812077 -4.6690377165249 -0.065256174171621 0
36.328125 73.9681668770211 -0.739231485709594 -0.0702528309196881 0
36.42578125 74.0700584669609 2.79364706541673 -0.0654581816527894 0
36.5234375 74.5160313542479 5.81794729977532 -0.0629937590539144 0
36.62109375 75.2177733061593 7.01818384341389 -0.0671399644224014 0
36.71875 75.8974977112561 5.21601781274059 -0.0666449150717276 0
36.81640625 76.24741312058 1.20855941710259 -0.0719378675121436 0
36.9140625 76.1561809933607 -2.87933928117158 -0.0894701948933891 0
37.01171875 75.7236230855292 -4.85982791432511 -0.13417509718182 0
37.109375 75.2302457094113 -4.06503257873231 -0.187103666963543 0
37.20703125 74.9094173527683 -1.94676661101247 -0.208790786587398 0
37.3046875 74.8108118463682 0.0749651485608545 -0.200714201927205 0
37.40234375 74.8956128277683 1.51300347853992 -0.179448969468072 0
37.5 75.0980526606636 2.18398663137083 -0.156461026223422 0
37.59765625 75.3325985685635 2.00199741375589 -0.139697090827083 0
37.6953125 75.5148819407328 1.20547623032362 -0.136120052962199 0
37.79296875 75.6048734223836 0.37111266605835 -0.150494881371391 0
37.890625 75.6254265612923 -0.00858225360962667 -0.180286707951394 0
37.98828125 75.627368686198 0.0434568799512865 -0.212713303973502 0
38.0859375 75.6332126259312 0.0638284863966405 -0.232466959142599 0
38.18359375 75.6146916038849 -0.409510563959879 -0.231473780746874 0
38.28125 75.5145944017999 -1.4626251208122 -0.208467743178741 0
38.37890625 75.2969169387928 -2.53841798766592 -0.167067585383868 0
38.4765625 75.0165567106772 -2.48456962856433 -0.125481355179865 0
38.57421875 74.8425345034073 -0.606826185755887 -0.109821178161174 0
38.671875 74.936517032533 2.28541174582351 -0.119709092432228 0
38.76953125 75.3166744572401 4.49418290555451 -0.137981169081226 0
38.8671875 75.8325029436878 4.74850413090846 -0.149015416726565 0
38.96484375 76.256264647511 3.07958432096855 -0.148740932545461 0
39.0625 76.4361309204393 0.374206254267022 -0.141603093051861 0
39.16015625 76.3123182747221 -2.79965085137661 -0.127369368028837 0
39.2578125 75.8520216679424 -6.04438747670302 -0.0943692262120384 0
39.35546875 75.1053221723545 -7.5174708809328 -0.0349947969283301 0
39.453125 74.4087391866448 -5.03711300209371 -0.00140364202766845 0
39.55078125 74.1559253463807 0.210353007349853 -0.0141037802780125 0
39.6484375 74.4550614327347 5.59799881043581 -0.0292473933106824 0
39.74609375 75.2395498891777 8.99938620048831 -0.0419984562362677 0
39.84375 76.2068818533071 8.70546713802513 -0.0203095466154172 0
39.94140625 76.9450402741717 5.68124068050109 0.0164062456461517 0
40.0390625 77.3238017001272 2.21643718819138 0.0498066508114066 0
40.13671875 77.3733260829925 -1.14573987001407 0.0823299966242728 0
40.234375 77.0732269767403 -5.34995108432516 0.112497414098547 0
40.33203125 76.2897332188489 -10.4618227590501 0.149889796841676 0
40.4296875 75.032339174521 -11.964573627227 0.155100000809122 0
40.52734375 73.9885044183489 -7.74437598355952 0.117617401919645 0
40.625 73.4979568373355 -2.66837322146955 0.0736284146544992 0
40.72265625 73.4288522166079 1.15936585635202 0.0461173158893125 0
40.8203125 73.7014704730736 4.65877526434794 0.0241872934411775 0
40.91796875 74.3304779899712 8.01391394499255 0.00132884266459266 0
41.015625 75.2605138810849 9.41267735936086 -0.0209442218049145 0
41.11328125 76.1534686948994 7.15638832249992 -0.011028041040541 0
41.2109375 76.6356772544755 2.23793631310579 -0.00205178554361963 0
41.30859375 76.5748807578288 -3.43267552599976 0.00239179746439494 0
41.40625 75.9780620212023 -7.5998481453948 -0.0140157740141188 0
41.50390625 75.1297154273077 -7.48665868220604 -0.0748439699779512 0
41.6015625 74.5156385304487 -4.09525757791896 -0.119467550506743 0
41.69921875 74.2920442062362 -0.323998163863671 -0.131183786831076 0
41.796875 74.420890157605 2.85401135540258 -0.129683286082804 0
41.89453125 74.8350601356301 4.98015446263471 -0.126255836100929 0
41.9921875 75.3894102897394 5.12907197723491 -0.120005382843117 0
42.08984375 75.8377399359983 2.97512720543865 -0.110592033383518 0
42.1875 75.9805249049836 -0.392075423342129 -0.108014545703335 0
42.28515625 75.7892929346761 -3.01211179641358 -0.123638436906652 0
42.3828125 75.4312253569906 -3.31431021867374 -0.165518044569749 0
42.48046875 75.1581181438813 -1.63915742211793 -0.208702621131524 0
42.578125 75.091165364694 0.390730234714514 -0.229002018826431 0
42.67578125 75.1968237776207 1.5915817612019 -0.226453362731127 0
42.7734375 75.3644526994377 1.52873636701471 -0.207270959657722 0
42.87109375 75.468287586529 0.377604908643083 -0.177971128642273 0
42.96875 75.4310505159156 -1.04723061024499 -0.148216352122794 0
43.06640625 75.283837388957 -1.5439234609591 -0.134035694353233 0
43.1640625 75.1679231187222 -0.488640101361954 -0.146481231974034 0
43.26171875 75.2208117080603 1.42842065964808 -0.174093903759973 0
43.359375 75.4600553719146 2.8835899826321 -0.197329539000612 0
43.45703125 75.7799836627884 2.97787639964562 -0.204639768185354 0
43.5546875 76.0240183084055 1.60179409658885 -0.195467058032087 0
43.65234375 76.0619484433683 -0.876184338599222 -0.174408844639202 0
43.75 75.8136782035301 -3.83319853407791 -0.138955145668387 0
43.84765625 75.2893403578498 -5.69458407376447 -0.0887144742949022 0
43.9453125 74.7220115529434 -4.37611470417595 -0.0588538832187885 0
44.04296875 74.4727943385225 -0.199481105965876 -0.0700317834068143 0
44.140625 74.6985170446584 4.42767458156992 -0.0897484441944545 0
44.23828125 75.3355042219058 7.2541433350142 -0.102938438318652 0
44.3359375 76.1114357053782 6.94418754300751 -0.0894943861669447 0
44.43359375 76.6914856622835 4.21928697006956 -0.0612464998745446 0
44.53125 76.9311447828056 0.64590596566222 -0.0330835380581296 0
44.62890625 76.7969422971899 -3.42672585418487 -0.00531897113304601 0
44.7265625 76.223401900218 -8.02687694352046 0.0324284047649025 0
44.82421875 75.2100479694025 -10.3259846717304 0.0753332650975958 0
44.921875 74.2429759054885 -7.23325536745481 0.076496815186102 0
45.01953125 73.8090152560385 -1.51603119929007 0.0353028894922784 0
45.1171875 73.9183474777899 3.80403776814871 0.00482459995436828 0
45.21484375 74.5134194039575 8.19892500097817 -0.0239428429620793 0
45.3125 75.4806517419362 10.1011577024394 -0.035277254257815 0
45.41015625 76.4498246278469 8.34979490289293 0.0110382858045934 0
45.5078125 77.0805196103491 4.56518690578091 0.0619495343285577 0
45.60546875 77.3092734037296 0.369025080811492 0.0971330797176286 0
45.703125 77.1138350002312 -4.59589806694513 0.123529510147142 0
45.80078125 76.3823249221032 -10.0682608657592 0.147610470368633 0
45.8984375 75.168581646432 -11.5674508516015 0.109266905874993 0
45.99609375 74.147491737642 -7.72093890644086 0.0574620589199512 0
46.09375 73.6269174861044 -3.17433586545158 0.0292309736415444 0
46.19140625 73.4966705651569 0.38784698117963 0.0203069098591846 0
46.2890625 73.6991241687074 3.85042247301074 0.0197516674276396 0
46.38671875 74.26365139601 7.3612105319372 0.0176838009711375 0
46.484375 75.1560187413993 9.1139964008607 0.00133866509954636 0
46.58203125 76.0553918547405 7.16719018789901 -0.00223706086614459 0
46.6796875 76.559250056272 2.36571026871767 -0.0118263485201943 0
46.77734375 76.527777215465 -2.96814544999809 -0.0282879806393024 0
46.875 76.0121479113872 -6.50072788475395 -0.0695180323463406 0
46.97265625 75.2902293975942 -6.53877411480501 -0.134848579289226 0
47.0703125 74.7181314369558 -4.22682553056996 -0.159617622309545 0
47.16796875 74.425797512979 -1.42944684048134 -0.144721036684275 0
47.265625 74.4214130953978 1.34523769937321 -0.119982798654123 0
47.36328125 74.697285974737 3.7959921211424 -0.101462390176474 0
47.4609375 75.1860169693379 4.97968117623037 -0.0951718749173212 0
47.55859375 75.6987717008499 4.06762266768421 -0.098309254166835 0
47.65625 76.0134614053108 1.5301767654554 -0.112998436429362 0
47.75390625 76.0360524695973 -1.12475490064546 -0.142393260141283 0
47.8515625 75.8289367488918 -2.61433116955532 -0.184705955409398 0
47.94921875 75.5340195966838 -2.79658394136566 -0.219846129362098 0
48.046875 75.2557593929929 -2.39493596613219 -0.223591314061282 0
48.14453125 75.0274807939105 -1.86463955256622 -0.195389324652609 0
48.2421875 74.8724668828433 -0.984072100735815 -0.154343779997333 0
48.33984375 74.8479912694836 0.542412956418326 -0.123616147268887 0
48.4375 75.0121983170325 2.3753855426463 -0.114426065236121 0
48.53515625 75.3511473401773 3.5778520300154 -0.123770263243357 0
48.6328125 75.7480667534063 3.40759949684873 -0.14213107795948 0
48.73046875 76.0486234247505 1.99503737737765 -0.162643372555385 0
48.828125 76.1588164973467 0.0426120168755346 -0.180746838877377 0
48.92578125 76.0567176685732 -1.97189323184302 -0.19004756004743 0
49.0234375 75.7457719678591 -3.92456074557446 -0.178399234112243 0
49.12109375 75.251896174635 -5.22799074029718 -0.132377134539801 0
49.21875 74.7177740661409 -4.42091209289633 -0.0749752227829936 0
49.31640625 74.4222780987391 -0.977876519370978 -0.0527504867604828 0
49.4140625 74.562100444374 3.57223707789887 -0.0559811826496956 0
49.51171875 75.1413735021003 6.9511509271338 -0.0681155341454486 0
49.609375 75.9375889068914 7.28278662063547 -0.0707575504407187 0
49.70703125 76.5854349090076 4.78961750164657 -0.06295915308762 0
49.8046875 76.893508875929 1.28769246144617 -0.0551337134618253 0
49.90234375 76.8436737152258 -2.30211067218048 -0.0434218149731701 0
50 76.4230084002892 -6.20800231939346 -0.0241167011427096 0
