0 1e-08 0 -0.140068750906888 0
0.1953125 -1.69443095898151e-09 -4.97299987073254e-08 -0.179992650483023 0
0.390625 0.229090120295158 1.17265798884589 -0.228131351199507 0
0.5859375 0.384389515318165 -0.150265451795933 -0.204297887861905 0
0.78125 -0.123506626201139 -3.06960895593071 -0.135313990272628 0
0.9765625 -0.756328919670431 -0.0190669300949513 -0.094113738468688 0
1.171875 0.108110578199114 4.42794037563292 -0.167011030546559 0
1.3671875 1.0988880264022 1.68610029450824 -0.126808266289734 0
1.5625 0.784944414312981 -4.28304155369782 -0.0986007504741018 0
1.7578125 -0.869381020082021 -5.63058327584673 -0.00869156379608385 0
1.953125 -1.11965867573651 3.94021890346918 -0.0262371960520618 0
2.1484375 0.676447112128436 6.70313178527224 -0.0964637690051574 0
2.34375 1.62753276927218 0.989124836089661 -0.0188132319827609 0
2.5390625 1.07287869023042 -6.61943666084937 0.0241959104957347 0
2.734375 -1.23895853703453 -7.10304207438466 0.0908739414007294 0
2.9296875 -1.50797973854355 4.56695255599654 0.0306407078474126 0
3.125 0.30950405756738 9.01734108305943 -0.0678460456740435 0
3.3203125 1.87994012746158 4.57394549313116 0.0925126189766354 0
3.515625 2.0174197745414 -2.79606401090695 0.150127728377393 0
3.7109375 0.492896903059229 -11.0821720888552 0.111647618346992 0
3.90625 -2.03096993206396 -8.33005128792185 0.201619341633404 0
4.1015625 -3.0296414460292 -5.60382027347285 0.218913423981285 0
4.296875 -3.9417764257884 -6.96995105257748 0.252249174629948 0
4.4921875 -5.85766383560006 -12.9654122820254 0.213579918415206 0
4.6875 -8.86293933626731 -12.2438605071766 0.479836955794234 0
4.8828125 -10.9318506681326 -15.6358913158137 0.460799766795931 0
5.078125 -14.7062253397625 -16.4611629064598 0.627091791044559 0
5.2734375 -17.1318328463608 -16.3767463960313 0.607277053294495 0
5.46875 -21.3988564235523 -18.0024244433592 0.858305560656141 0
5.6640625 -24.3948597328462 -18.7245219866282 0.54276588521416 0
5.859375 -28.4607937622364 -22.7038053140726 1.18081175709305 0
6.0546875 -32.9813120054376 -19.530947132881 0.767631784389053 0
6.25 -35.8633290849755 -19.0569855299953 0.832754378953374 0
6.4453125 -40.6962950476231 -23.6398981546478 1.33804177668429 0
6.640625 -45.3773261560082 -18.585724809937 0.621865970535929 0
6.8359375 -48.2505699360074 -18.4508607056014 0.734785482114971 0
7.03125 -52.4761657441438 -18.0056710207052 0.797790360357716 0
7.2265625 -55.0253784744998 -18.5094761763509 0.729047823727096 0
7.421875 -59.7909992297494 -25.3993356321815 1.48444644594873 0
7.6171875 -65.0728503786127 -24.1594003970763 1.24544154642063 0
7.8125 -69.2499137946091 -20.8325578243075 0.666730191024447 0
8.0078125 -73.4249586228572 -25.0446425295325 1.38213154152866 0
8.203125 -79.3284906806961 -34.0046567917464 2.48802648862478 0
8.3984375 -86.8659221293251 -43.0911014343131 3.5983947852794 0
8.59375 -95.8998533900262 -42.3224160613709 3.56047541047564 0
8.7890625 -103.429386060147 -37.0975267492646 2.9634894228637 0
8.984375 -110.216142639382 -34.9631747806348 2.69035778167196 0
9.1796875 -117.366235553548 -42.0589454699884 3.63382073268878 0
9.375 -126.549278579089 -42.4515853299863 3.43870080752844 0
9.5703125 -134.242556160584 -36.9021345127455 2.83500182316532 0
9.765625 -140.70159534272 -29.6481250218157 1.95549456559845 0
9.9609375 -145.681111135798 -20.5710284171039 0.815421754789448 0
10.15625 -148.611311949492 -20.1136981548028 0.906860714358663 0
10.3515625 -153.343869355104 -22.7331891291937 1.1537490410207 0
10.546875 -157.341040297872 -19.8044943249347 0.602949742521134 0
10.7421875 -161.190779377031 -23.0216585032152 1.22643321485772 0
10.9375 -166.627279511964 -28.372034694586 1.82875974551018 0
11.1328125 -172.510280537957 -29.7666559955863 1.92485816003865 0
11.328125 -178.2433098967 -27.0062222259185 1.56265473589568 0
11.5234375 -182.83619529793 -21.9016714289773 0.834259914928196 0
11.71875 -186.648093677364 -24.4991268774414 1.30635182303872 0
11.9140625 -192.565398811546 -35.2913900770855 2.60528392264843 0
12.109375 -200.309755607401 -41.9113737485721 3.32599650898125 0
12.3046875 -208.97256868343 -40.7676776287681 3.3304806609292 0
12.5 -216.038307586632 -32.278704245815 2.28161140364157 0
12.6953125 -221.504111200554 -22.0921718889203 1.01571077120292 0
12.890625 -224.751390526305 -21.9464578846143 0.910575689998012 0
13.0859375 -229.786619433697 -28.3045094998837 1.74222756528909 0
13.28125 -235.526227032328 -28.4212434476929 1.83364923520987 0
13.4765625 -240.763313604116 -21.6286603249219 1.0733187496567 0
13.671875 -243.94065557518 -21.5306201313131 0.848225591512239 0
13.8671875 -248.889932139246 -29.4034879215747 1.83660793094358 0
14.0625 -255.139969785324 -34.5104730671821 2.51899078504608 0
14.2578125 -262.232674189362 -40.4462478210074 3.33464795184722 0
14.453125 -271.232685114915 -41.4669484197302 3.38698033937201 0
14.6484375 -278.287312062309 -30.7885238353626 1.92823329981167 0
14.84375 -283.554450753421 -23.1752007224806 0.897230275821837 0
15.0390625 -287.610739131758 -24.4182197581436 1.17252234529974 0
15.234375 -293.359579402473 -33.5347788100192 2.37759277763839 0
15.4296875 -300.983815916902 -42.5735213880074 3.48604788096047 0
15.625 -309.694584136831 -39.8663570127721 3.18962170638527 0
15.8203125 -316.798939985557 -35.0944714630215 2.60811190567785 0
16.015625 -323.125005882557 -29.8185623587761 1.9901740681119 0
16.2109375 -328.304344390299 -21.0055884681431 0.935452232472571 0
16.40625 -331.260364048653 -21.0068971433792 0.911782011539017 0
16.6015625 -336.270888197062 -27.3525461133546 1.64725715415106 0
16.796875 -341.690263352652 -25.28799873806 1.42100275176907 0
16.9921875 -345.853562819693 -21.190534780021 0.762095307352994 0
17.1875 -349.757718092631 -24.8627276464798 1.36889889836544 0
17.3828125 -355.630201805559 -34.0858830728001 2.45280159384206 0
17.578125 -362.873936853136 -41.0093247073369 3.32412378577233 0
17.7734375 -371.626897673718 -42.2022370165059 3.4679249838836 0
17.96875 -379.187541013606 -33.8134690240364 2.45690529628078 0
18.1640625 -384.871657456924 -23.1426896838977 1.08357025231966 0
18.359375 -388.457737953607 -22.1084215318711 0.845907392399375 0
18.5546875 -393.382661410251 -27.7098242572002 1.67320810376811 0
18.75 -399.159372494632 -29.2603744036056 1.95200399664066 0
18.9453125 -404.936783413078 -27.0541554898691 1.6926769888066 0
19.140625 -410.011888459431 -20.3392205076188 0.814684914114153 0
19.3359375 -413.175410052451 -20.312529434114 0.773084312653586 0
19.53125 -417.860294474719 -23.7004687591413 1.33211802133034 0
19.7265625 -422.284937885618 -18.1795663673283 0.6666871866276 0
19.921875 -424.710308623581 -15.7006135935969 0.675255099045777 0
20.1171875 -428.523566659564 -14.2965157968189 0.311852955880736 0
20.3125 -430.588870596143 -11.8233060577384 0.446821666682303 0
20.5078125 -432.869247734714 -14.9108688016073 0.32872955978988 0
20.703125 -436.596750450538 -17.6921224448054 0.871942822165197 0
20.8984375 -440.063789878682 -15.8162063329028 0.302098620263399 0
21.09375 -442.726842273475 -13.7032849256501 0.522520545828228 0
21.2890625 -445.220450790981 -15.6099796775736 0.363036175278827 0
21.484375 -449.117748834459 -18.1747913361571 0.908638062659552 0
21.6796875 -452.442581654831 -17.0944433428146 0.420013622198561 0
21.875 -455.523967187989 -16.7710473344794 0.727769205070977 0
22.0703125 -458.951082391335 -15.701972645175 0.270283266477666 0
22.265625 -461.945497773355 -15.13017352202 0.679329532994752 0
22.4609375 -464.825178912468 -16.5116592288197 0.405586190231879 0
22.65625 -468.149333126932 -17.5987243226274 0.820285886890052 0
22.8515625 -471.868446131212 -15.2709893500846 0.264746552494726 0
23.046875 -474.402136302823 -13.2634799904658 0.535503901564634 0
23.2421875 -476.794011049502 -15.96666078299 0.411243148016494 0
23.4375 -480.761183179257 -20.2178129904678 1.05434675276736 0
23.6328125 -484.981448858379 -16.0777021682737 0.420266725710874 0
23.828125 -487.301186257267 -14.2503221107297 0.54980796063129 0
24.0234375 -490.252753426453 -14.946120631809 0.268033140829031 0
24.21875 -493.239480902273 -14.1599510650774 0.653310935918523 0
24.4140625 -496.009512079541 -16.3352431996195 0.367793550137931 0
24.609375 -499.337509791343 -17.3016806292386 0.752644061193629 0
24.8046875 -502.687147436612 -16.5270352619603 0.326579110604234 0
25 -506.077262678222 -17.5626878905858 0.844915856694487 0
25.1953125 -509.642722360859 -15.3135367674131 0.368867505484475 0
25.390625 -511.806936997493 -10.0932155071508 0.382861852231632 0
25.5859375 -513.759891777153 -14.2563532099101 0.341551239424483 0
25.78125 -517.246644828543 -14.5525230750024 0.511809472574497 0
25.9765625 -519.163000003766 -12.3478606303886 0.495735882161754 0
26.171875 -522.361461465255 -12.1055458002962 0.194159691760183 0
26.3671875 -523.800586612642 -4.06753425306859 0.130810790424352 0
26.5625 -524.128757184177 -0.430764866303343 0.138109142718058 0
26.7578125 -523.712767424147 5.67693301591942 0.210263551200427 0
26.953125 -521.64243421059 10.2801634536344 0.0713160093079284 0
27.1484375 -519.412485705726 6.10235817551 0.174805123194118 0
27.34375 -519.13404318513 -2.71170967989274 0.111963956480217 0
27.5390625 -520.17649286371 -8.79643636416414 0.0971995144941885 0
27.734375 -522.780848508759 -9.45626084404531 0.170964286146778 0
27.9296875 -523.575199644213 1.33311955419921 0.137541773348646 0
28.125 -522.437759242993 10.8487902540885 0.0954708491572927 0
28.3203125 -519.564308417075 10.54883846371 0.253909657790567 0
28.515625 -518.142924528147 8.56370941893189 0.355195961425067 0
28.7109375 -516.032395534427 13.6640098960578 0.294425325784477 0
28.90625 -512.51292960831 15.486994202051 0.67312689983464 0
29.1015625 -510.107717412773 17.3877005103633 0.487924645058181 0
29.296875 -506.015034315685 19.7129882011512 0.946980509475916 0
29.4921875 -502.149937079564 16.9253861916046 0.442380260988928 0
29.6875 -499.522061576743 14.2594394643746 0.650990731227606 0
29.8828125 -496.873881749484 16.9182345477262 0.388512133950042 0
30.078125 -492.96883601242 20.0404924837268 0.949618592448451 0
30.2734375 -488.834945151881 17.6740756762556 0.567896687146536 0
30.46875 -486.336902074115 16.4905738413317 0.759416128088788 0
30.6640625 -482.404726016174 14.2172175081631 0.39849789025315 0
30.859375 -480.612549954387 8.36543575237113 0.3020538924881 0
31.0546875 -479.080684891444 11.6840949204871 0.239309599611834 0
31.25 -476.040279744596 11.6190595064923 0.283580882645186 0
31.4453125 -474.836745910921 4.72154548122366 0.274341413599443 0
31.640625 -474.490289210335 0.752207901778316 0.19654158905011 0
31.8359375 -474.673890953551 -3.42436202463937 0.167592221291202 0
32.03125 -475.565546923324 -7.93764533463155 0.191628284619905 0
32.2265625 -477.836245946042 -11.3429423745582 0.120888483383897 0
32.421875 -479.804322177554 -5.27924544057158 0.222056930915696 0
32.6171875 -480.13028858106 0.366291068524007 0.144245610533385 0
32.8125 -479.814729965504 4.03232743210175 0.123679445945992 0
33.0078125 -478.411831076224 9.73375537105851 0.0852120566516013 0
33.203125 -475.878288922232 7.96539245479216 0.197237920572224 0
33.3984375 -475.489486999429 -3.40095644232897 0.123678057951887 0
33.59375 -477.123772938729 -9.19748263611697 -0.0526053451692491 0
33.7890625 -479.1250409995 -6.59895360140103 0.0735612138558152 0
33.984375 -479.593827082416 1.74714336577938 0.143078003364684 0
34.1796875 -478.205262625405 10.0543449653226 0.0968731611929908 0
34.375 -475.42545522006 8.89733779428454 0.242735878013695 0
34.5703125 -474.522525835047 2.92901021988322 0.168643325736069 0
34.765625 -474.001590431835 4.24122623301678 0.224894046356997 0
34.9609375 -472.609006827703 11.597028810555 0.285075346427802 0
35.15625 -469.21117503554 12.1447801244145 0.406960249706533 0
35.3515625 -467.85485697254 7.13254861901013 0.257035406864481 0
35.546875 -466.411512126148 11.2430554566046 0.20050803955364 0
35.7421875 -463.471824812622 11.0640572902876 0.260753507800726 0
35.9375 -462.385041836291 3.47885280393371 0.242154350105421 0
36.1328125 -462.399249555336 -3.69135391406613 0.188954459927877 0
36.328125 -463.808763826069 -10.9223122126033 0.114078811067112 0
36.5234375 -466.577716738247 -10.5907423051085 0.228356653227245 0
36.71875 -467.757015927735 -3.44133347974594 0.259826412770506 0
36.9140625 -467.950995899709 0.375942232962273 0.230823681815397 0
37.109375 -467.904550606418 0.35961165592924 0.166110872605665 0
37.3046875 -467.857607556326 0.313715748253189 0.153374521444741 0
37.5 -467.510916191168 4.33881165765499 0.222500698056123 0
37.6953125 -465.920727930042 11.7314109551292 0.219374923318658 0
37.890625 -462.654854797722 12.1788781561696 0.438369832625379 0
38.0859375 -461.145082248747 9.83625476513082 0.305739495455809 0
38.28125 -458.836196783775 12.7621771452321 0.114295065972593 0
38.4765625 -456.411870889273 9.8298294371122 0.362373441628345 0
38.671875 -455.254852120613 8.22400997070817 0.36953999615461 0
38.8671875 -453.482096183751 14.5063893459703 0.314485913149573 0
39.0625 -449.814225981565 15.5900844030222 0.609445606812048 0
39.2578125 -447.099582917875 16.7754477928439 0.46464481732057 0
39.453125 -443.155824182002 20.4427183760301 1.08402069424249 0
39.6484375 -439.351198867735 16.6077530665653 0.400159231695183 0
39.84375 -436.37347309645 15.7503341421595 0.646709122963138 0
40.0390625 -433.191131076197 15.5966110829022 0.27393771339323 0
40.234375 -430.569620239822 13.603561697319 0.598282996574624 0
40.4296875 -427.906512981259 16.169282193085 0.418700316247971 0
40.625 -423.978443216 20.4418366075942 1.02601967240023 0
40.8203125 -420.091856437279 17.1371086707703 0.418719328433457 0
41.015625 -417.286707210533 16.2282105723249 0.690675198834593 0
41.2109375 -413.460111984185 14.9094253111917 0.431155201813279 0
41.40625 -411.663338351808 8.99155705395417 0.391207176659392 0
41.6015625 -410.220500471297 12.4623465293116 0.329371921545655 0
41.796875 -407.075717362044 12.4566440858104 0.22754783544642 0
41.9921875 -405.388465594925 8.80604174616814 0.373382376540056 0
42.1875 -403.575800291887 14.3187824420519 0.442334552988853 0
42.3828125 -399.616459898716 16.5849692591975 0.716777177291834 0
42.578125 -397.126586801904 17.7381439255567 0.531858018013015 0
42.7734375 -392.965190620812 20.0630555252395 0.978489542717096 0
42.96875 -389.062942859826 17.0093144184563 0.451625975637459 0
43.1640625 -386.398606521814 14.4730387706917 0.65916950093415 0
43.359375 -383.704968353018 16.8793969654074 0.37340874838997 0
43.5546875 -379.879203774259 19.6299377855164 0.919019263657095 0
43.75 -375.798832308756 17.3699171773886 0.54209285758696 0
43.9453125 -373.383486049661 15.6375499889934 0.720213494792054 0
44.140625 -369.78305480951 13.5844350587151 0.272116799975872 0
44.3359375 -367.798710576139 7.862410882003 0.277002988423435 0
44.53125 -366.542142671618 9.32913621576185 0.249558675507141 0
44.7265625 -363.959023116514 10.6144372801916 0.0867026603920787 0
44.921875 -362.535637443126 2.34029514784871 0.123419032787917 0
45.1171875 -363.198836484835 -8.73862580994287 0.0800913625522396 0
45.3125 -365.654733349984 -7.95263284959703 0.0170984414248506 0
45.5078125 -366.550197769429 -1.4991202719525 0.106259984784536 0
45.703125 -365.956583052333 7.59547759626584 0.160711783989628 0
45.8984375 -363.322492545615 8.02261282428014 0.0728280583400406 0
46.09375 -362.611741544153 -1.87232879681603 0.0240707316068707 0
46.2890625 -363.760380367548 -7.64912920672012 -0.0724551846852216 0
46.484375 -365.817217732354 -6.90725403227578 0.0862998356186185 0
46.6796875 -366.193753325206 3.44450081516065 0.117509913019424 0
46.875 -364.388067157708 9.26276814665452 -0.0181346006129216 0
47.0703125 -362.379547572704 5.47118525281102 0.106692175043497 0
47.265625 -361.961534687894 -0.32186969830803 0.139171517034766 0
47.4609375 -362.385980067492 -5.52684921845555 0.196626000604581 0
47.65625 -364.410485695644 -11.1364658483477 0.0944044150029318 0
47.8515625 -366.441072947326 -5.64088941355232 0.128094041121567 0
48.046875 -366.895097362545 -0.534420254911133 0.113355014725016 0
48.2421875 -366.491617405176 5.48391195521526 0.166954545878738 0
48.4375 -364.457632551083 9.39316230984241 0.0364202974105041 0
48.6328125 -362.597813256063 3.74907846171965 0.0967787309011211 0
48.828125 -362.885931340542 -6.53286309431578 0.0404654248345079 0
49.0234375 -364.884402337509 -8.1038285807382 -0.0692257791889219 0
49.21875 -366.281092835795 -2.99890400472307 0.11169337750907 0
49.4140625 -365.773850390347 7.82380158987518 0.129301520685209 0
49.609375 -363.108194713695 8.13908225555499 0.0746533924157088 0
49.8046875 -362.301563278317 -0.250496594020031 0.0594270960713572 0
50 -362.937175419647 -6.84900575612199 0.0781960821202992 0
