0 1e-08 0 -0.140068750906888 0
0.048828125 9.26909806506366e-09 -2.88436655313576e-08 -0.142963977532745 0
0.09765625 0.00490208977155136 0.193535186710505 -0.151237094798951 0
0.146484375 0.0232462222949769 0.531570691774592 -0.163534715269827 0
0.1953125 0.060164365499051 0.930310129179599 -0.177906706149991 0
0.244140625 0.116188944783054 1.29282305541301 -0.192333714057389 0
0.29296875 0.187150742020025 1.52952003283483 -0.205098576475836 0
0.341796875 0.264946319261549 1.57209176456225 -0.214939241197447 0
0.390625 0.338797522470195 1.379439057876 -0.221048944624128 0
0.439453125 0.396626076199868 0.936990932802583 -0.222979873633224 0
0.48828125 0.426285203335416 0.253190017097773 -0.220460897386452 0
0.537109375 0.416628247707419 -0.641048022209427 -0.213154940844549 0
0.5859375 0.358710855795231 -1.68391803945857 -0.200500990316167 0
0.634765625 0.247666280595659 -2.76389329705068 -0.181984457885036 0
0.68359375 0.0856504902181914 -3.70150365479089 -0.158190428851332 0
0.732421875 -0.114706280629447 -4.2602405358764 -0.132220967418706 0
0.78125 -0.328632004987602 -4.2146083446112 -0.109627954090249 0
0.830078125 -0.522340982001412 -3.45511817295762 -0.0954447368126976 0
0.87890625 -0.661106044865617 -2.04968845131817 -0.0907367895417874 0
0.927734375 -0.717854382739975 -0.207920522305129 -0.0927071923026359 0
0.9765625 -0.677808892092994 1.80410381872512 -0.0977265280127189 0
1.025390625 -0.539253712561019 3.71871874612728 -0.103418122115957 0
1.07421875 -0.313162152751189 5.27951722523188 -0.108548537282242 0
1.123046875 -0.0227439838270518 6.26029879001052 -0.112203101398147 0
1.171875 0.298873982074264 6.52122415814481 -0.113619267869396 0
1.220703125 0.614672707759197 6.06617607688629 -0.112590477812843 0
1.26953125 0.891722885987843 5.03575999163837 -0.109429711221406 0
1.318359375 1.10657268096672 3.6280059123723 -0.104473737806456 0
1.3671875 1.24551537848997 2.0075375064482 -0.097944400808872 0
1.416015625 1.30112879225082 0.258079588781132 -0.0900657370294005 0
1.46484375 1.26794636066124 -1.61298889055391 -0.0807629830260656 0
1.513671875 1.13951750209775 -3.62813249939878 -0.0687759341450632 0
1.5625 0.908706632624423 -5.75066078194959 -0.0509693134514587 0
1.611328125 0.573425789750558 -7.75883877115131 -0.0240144304817045 0
1.66015625 0.148821658134965 -9.16987181255023 0.00978868406426103 0
1.708984375 -0.320544189609817 -9.40895522243099 0.0383223883675831 0
1.7578125 -0.765537533065142 -8.23357365612195 0.0486305774640994 0
1.806640625 -1.11991284818488 -5.95201426615378 0.0413006962208328 0
1.85546875 -1.34425135061875 -3.13109217462685 0.0271486073798218 0
1.904296875 -1.42583777735699 -0.198519294584795 0.0137466233562638 0
1.953125 -1.36582220188572 2.65432585309133 0.00240930777792992 0
2.001953125 -1.16996778335736 5.34040567252486 -0.00757817717299723 0
2.05078125 -0.84814068287755 7.71194373169034 -0.0158688190564394 0
2.099609375 -0.420753611674127 9.48099262215311 -0.0200582729819762 0
2.1484375 0.074109291114055 10.3097847560112 -0.0164087395155569 0
2.197265625 0.582993741070914 10.0462483260607 -0.00327928538468267 0
2.24609375 1.05281393792427 8.87498279833198 0.0165306291990992 0
2.294921875 1.44789373169852 7.19896633403193 0.0390168043562209 0
2.34375 1.75428920876591 5.39204954633135 0.0620523281105708 0
2.392578125 1.97274512040508 3.65749512949867 0.0847035351129955 0
2.44140625 2.10918832517024 2.02749952358463 0.105994192422524 0
2.490234375 2.16761039956133 0.415896962569453 0.124796906694003 0
2.5390625 2.14571453574331 -1.33322343216521 0.140508457358392 0
2.587890625 2.03258332390733 -3.40156389896284 0.154111392627675 0
2.63671875 1.8086682951959 -5.92054313961681 0.16884380795489 0
2.685546875 1.45086465404025 -8.8057955148497 0.187698785442899 0
2.734375 0.948269344246155 -11.5162082502931 0.204729636000388 0
2.783203125 0.329634464111817 -13.0658948709651 0.201950695316598 0
2.83203125 -0.322772525024976 -12.735247718164 0.17208876427068 0
2.880859375 -0.911949158509758 -10.8358516808788 0.132929674907504 0
2.9296875 -1.38333263375108 -8.35219008611388 0.104195937675546 0
2.978515625 -1.73239947064262 -6.04380779672323 0.0894631693025719 0
3.02734375 -1.97806894848054 -4.1561068997194 0.0831637135948823 0
3.076171875 -2.14088067760259 -2.61849064007678 0.0806457905500821 0
3.125 -2.23401894337239 -1.25622326520835 0.080355169588143 0
3.173828125 -2.26168012064027 0.106952602343671 0.0825738238839848 0
3.22265625 -2.22015850490505 1.61486117740301 0.0881328494357328 0
3.271484375 -2.09964570952914 3.36830645093471 0.0975586744466713 0
3.3203125 -1.88645829498676 5.406216807269 0.110341987023874 0
3.369140625 -1.56678634761876 7.65250847011963 0.124169300849965 0
3.41796875 -1.13421770811942 9.82691831382537 0.134668331283363 0
3.466796875 -0.602284466963167 11.4052370449565 0.137507119586279 0
3.515625 -0.0158857759257805 11.8061587944299 0.132344082569901 0
3.564453125 0.554572532408859 10.7904532366072 0.121493347774017 0
3.61328125 1.04098346333889 8.64827863037442 0.105815281166762 0
3.662109375 1.40165421402879 5.92410404624949 0.0868058124049946 0
3.7109375 1.62195186515915 3.04802088378393 0.0674772343415053 0
3.759765625 1.70226305142941 0.233632876153983 0.0501225456908241 0
3.80859375 1.64865376029742 -2.42191494308751 0.0346118044021629 0
3.857421875 1.47053069266895 -4.81837287529054 0.0175684984570083 0
3.90625 1.18293983677872 -6.80554763778331 -0.00586616733760373 0
3.955078125 0.809130288436658 -8.22645249228758 -0.0358914989042824 0
4.00390625 0.379495679995952 -8.99829569128102 -0.0628231895598729 0
4.052734375 -0.0731349189557418 -9.13480634258662 -0.0723566731084158 0
4.1015625 -0.517549552102557 -8.68474879257024 -0.0585187458739452 0
4.150390625 -0.924728579053488 -7.67657980279507 -0.0292092771835015 0
4.19921875 -1.26733411218123 -6.13795363643377 0.00175246224330868 0
4.248046875 -1.52108517722413 -4.14044808254803 0.0259935694895743 0
4.296875 -1.66694386348649 -1.79445523545287 0.0436959851356969 0
4.345703125 -1.69142500460294 0.79540397753258 0.0588373300541989 0
4.39453125 -1.58500078423029 3.54711089462778 0.0742310183227851 0
4.443359375 -1.34147520618706 6.34710412543458 0.0899207642512494 0
4.4921875 -0.961973638242334 8.93936937595696 0.103697137700749 0
4.541015625 -0.465156265453678 10.8582783109503 0.112876453591539 0
4.58984375 0.10226833575353 11.5828102323275 0.116559220941729 0
4.638671875 0.670443625184052 10.9098064744489 0.114394822781792 0
4.6875 1.17252285426929 9.14855838886217 0.105273643427516 0
4.736328125 1.56882004202598 6.8722895683222 0.0910283281122598 0
4.78515625 1.84861891174464 4.55078642494364 0.0762373136925591 0
4.833984375 2.01819241555242 2.41686197628451 0.064527992469665 0
4.8828125 2.0894605114899 0.522143363818575 0.0571490774242959 0
4.931640625 2.07349820687844 -1.18164633387663 0.0534604766115199 0
4.98046875 1.97724000792461 -2.79855953953513 0.0519560979384719 0
5.029296875 1.80145084435167 -4.46787136047251 0.0515792229940885 0
5.078125 1.5396269545728 -6.32946641451223 0.0534416456891786 0
5.126953125 1.17954412936326 -8.43025600650632 0.062472663660084 0
5.17578125 0.711385144471507 -10.5480536989325 0.0860577322095646 0
5.224609375 0.14602736583612 -12.0520565355597 0.124837456406191 0
5.2734375 -0.46485180675614 -12.1535618591375 0.162195289785256 0
5.322265625 -1.0364140141254 -10.5951285703305 0.176285556366986 0
5.37109375 -1.49503402696694 -7.93573692895839 0.167063585510367 0
5.419921875 -1.80978090307066 -4.98683172450976 0.150635421933936 0
5.46875 -1.98363042653022 -2.22934591815491 0.136007829754418 0
5.517578125 -2.03120641755425 0.244273101581531 0.122767817966302 0
5.56640625 -1.96446922109732 2.54195415631847 0.108380384891185 0
5.615234375 -1.78793361733905 4.80519764202683 0.0917420321776353 0
5.6640625 -1.50015993464277 7.09227704634905 0.073471361140431 0
5.712890625 -1.10024177829822 9.27916283939672 0.0556426778892884 0
5.76171875 -0.598941866081785 11.0103225007489 0.042376491133245 0
5.810546875 -0.0299806006847166 11.8206277574553 0.0400068194145674 0
5.859375 0.550645357493692 11.4567633132976 0.0524027632895486 0
5.908203125 1.08454125694171 10.1078757406978 0.0758400608331569 0
5.95703125 1.53399516804064 8.25941570194982 0.103482385275082 0
6.005859375 1.88774998580708 6.36023613650469 0.131086785990232 0
6.0546875 2.15178044226874 4.64630985454233 0.156637739521347 0
6.103515625 2.33788211652865 3.1585307387126 0.17868820474018 0
6.15234375 2.45613390871735 1.82033213964925 0.195960303874311 0
6.201171875 2.51102816188358 0.496118106599029 0.207668267543306 0
6.25 2.49962952812198 -0.977385407474531 0.214084384973055 0
6.298828125 2.4107742127428 -2.76804108434701 0.217116556802723 0
6.34765625 2.22548212389417 -5.00409674838455 0.220169811928462 0
6.396484375 1.92037909623813 -7.67065405673374 0.225268367525986 0
6.4453125 1.47784285141409 -10.4394879784686 0.225949038819056 0
6.494140625 0.90528494800163 -12.5931229161953 0.205702077903096 0
6.54296875 0.252580633130062 -13.3827985569965 0.160968146875262 0
6.591796875 -0.400873181738007 -12.6811377041953 0.118341471172539 0
6.640625 -0.989525670834604 -11.0642681290943 0.102421209160173 0
6.689453125 -1.48624086121219 -9.2084020497843 0.111013541308262 0
6.73828125 -1.89129585048901 -7.45804732758026 0.129303184986619 0
6.787109375 -2.21349160373183 -5.86685690871767 0.146710815283236 0
6.8359375 -2.46039121070276 -4.38256942498264 0.160442938296391 0
6.884765625 -2.6365271813921 -2.95463197534388 0.172349348115675 0
6.93359375 -2.74438316098076 -1.5534984916469 0.185164168555835 0
6.982421875 -2.78501998330823 -0.150273801990178 0.200320923584473 0
7.03125 -2.75749176747434 1.3072204809805 0.217551707645297 0
7.080078125 -2.65733227838241 2.90751871354075 0.235568742792635 0
7.12890625 -2.47471700802496 4.77254187466471 0.253027433876121 0
7.177734375 -2.19317914440583 7.02618885349565 0.269244720027625 0
7.2265625 -1.79075495058147 9.7021869414326 0.284237374551776 0
7.275390625 -1.24761526904932 12.5583130313029 0.297862346065291 0
7.32421875 -0.565316513718688 14.8994013573094 0.310173074276411 0
7.373046875 0.208129437115155 15.8120417464261 0.324073009925026 0
7.421875 0.981545006867028 14.9579849103641 0.337435332998056 0
7.470703125 1.67308067273441 12.9836878108208 0.339992477732854 0
7.51953125 2.25434647717062 10.9168921950879 0.331593534452093 0
7.568359375 2.74415620398148 9.46624870867487 0.320235415291527 0
7.6171875 3.18368339510742 8.92340671051454 0.311500538602314 0
7.666015625 3.62037351201395 9.34160647266006 0.306781758251026 0
7.71484375 4.10059235583533 10.627731001607 0.304147432795864 0
7.763671875 4.66259005815966 12.4718573170988 0.298576646466305 0
7.8125 5.32226856810974 14.2112775441141 0.284700977651304 0
7.861328125 6.05291401783621 14.9377183122205 0.265351235331722 0
7.91015625 6.78171826715181 14.0798616701559 0.250751478496489 0
7.958984375 7.42667913478193 11.8942885578839 0.242341043566496 0
8.0078125 7.94066527380594 9.14593396029426 0.235095781611069 0
8.056640625 8.31654512184783 6.44688585486732 0.226428594167918 0
8.10546875 8.56682778512893 4.01921449762625 0.215562810017105 0
8.154296875 8.70597579717161 1.81991440427175 0.202763476869597 0
8.203125 8.74233437349203 -0.294068635187117 0.189544834780702 0
8.251953125 8.67648110246625 -2.46187064826886 0.178066358855252 0
8.30078125 8.50315277572394 -4.75156247322101 0.16911212175828 0
8.349609375 8.21591102499941 -7.10425270079048 0.159040613267085 0
8.3984375 7.81427647831059 -9.30619927031577 0.139358982364357 0
8.447265625 7.31129520050096 -11.0431473109093 0.105548814886188 0
8.49609375 6.73662460541503 -12.0447559867095 0.0707845969909016 0
8.544921875 6.13162562560569 -12.1988894189984 0.0604032303229745 0
8.59375 5.54039763062681 -11.5324626510474 0.0836497400089227 0
8.642578125 5.00301346408369 -10.151380294496 0.122587340641821 0
8.69140625 4.55088336188492 -8.23941626612402 0.154439074966723 0
8.740234375 4.2029655516215 -6.04428693755521 0.172469950144023 0
8.7890625 3.96538755016079 -3.7943626659327 0.182709632469906 0
8.837890625 3.83563095364718 -1.6157200388865 0.191853458289859 0
8.88671875 3.80873307770798 0.489310866204448 0.202204388077156 0
8.935546875 3.88272314145005 2.61482110483538 0.212975381774089 0
8.984375 4.06211492927484 4.90290724699544 0.222782437178424 0
9.033203125 4.35883764658919 7.47062272503547 0.231071693294355 0
9.08203125 4.78879622129025 10.280130655475 0.238245352624578 0
9.130859375 5.36025300376847 12.955268003268 0.245335343183065 0
9.1796875 6.05249894539436 14.7429435290857 0.255428965412166 0
9.228515625 6.80025395822768 14.964110531816 0.272035005947056 0
9.27734375 7.5160380827709 13.6904932851908 0.288880244713459 0
9.326171875 8.14089370269515 11.7326468693608 0.297371276134456 0
9.375 8.66627081027134 9.96638193909869 0.299663061240786 0
9.423828125 9.11896419567866 8.90788390690602 0.301947021689586 0
9.47265625 9.54109098093305 8.75742420114024 0.307755486074557 0
9.521484375 9.97913944783048 9.54641638185083 0.317328274588221 0
9.5703125 10.4783323140457 11.1637519773557 0.327655546744337 0
9.619140625 11.0742511361413 13.2300312825257 0.332027657367757 0
9.66796875 11.7748584423939 14.9559454696182 0.323872907784883 0
9.716796875 12.5383144331074 15.3754168251626 0.30713798139041 0
9.765625 13.2781401248958 14.0762620966528 0.291413389219942 0
9.814453125 13.9127864695053 11.566825792112 0.276514113759336 0
9.86328125 14.4061224687816 8.71033289141124 0.259972266973166 0
9.912109375 14.7611218745442 6.06216329360974 0.241951280937708 0
9.9609375 14.9957901748411 3.76878205094064 0.222943254563895 0
10.009765625 15.1273101514028 1.75467827724421 0.203806700234571 0
10.05859375 15.1662936949735 -0.118150959931588 0.186146887033433 0
10.107421875 15.1164213645761 -1.97021112320511 0.171655564811844 0
10.15625 14.9763739552838 -3.86937460280051 0.16058488799221 0
10.205078125 14.7427515448253 -5.8172563148601 0.150115922750187 0
10.25390625 14.4132569151261 -7.7540450395739 0.134684645848258 0
10.302734375 13.9893854615163 -9.57889079628782 0.111005589698585 0
10.3515625 13.478433208995 -11.1572917413369 0.0864525377153455 0
10.400390625 12.8964924363524 -12.2797619611506 0.0803762621714062 0
10.44921875 12.2742798465636 -12.6279320819763 0.107087263037291 0
10.498046875 11.6608048049568 -11.9111160419948 0.153829144276835 0
10.546875 11.1131630318811 -10.1488681867994 0.191029548244545 0
10.595703125 10.6745240956395 -7.74170809996541 0.206473786302306 0
10.64453125 10.36142802125 -5.19328917976396 0.209373606098203 0
10.693359375 10.1692367976014 -2.82537103748166 0.21011449599715 0
10.7421875 10.0847752911845 -0.720315793980997 0.211490269361123 0
10.791015625 10.096187033095 1.2007934761715 0.211844246841798 0
10.83984375 10.1981256174301 3.09224042029679 0.20905754087036 0
10.888671875 10.3936314631998 5.12106833033709 0.202249791529775 0
10.9375 10.6934469819045 7.40208872398373 0.192055673803035 0
10.986328125 11.1116553426468 9.89354711517254 0.180446768167833 0
11.03515625 11.6548801037483 12.2611393973802 0.171055771949368 0
11.083984375 12.3046999742386 13.8688231150652 0.170704371713656 0
11.1328125 13.005869648415 14.1426617290724 0.186522225382302 0
11.181640625 13.68392832488 13.1073655998495 0.215124024125058 0
11.23046875 14.2856181182723 11.4166361957625 0.246151710274775 0
11.279296875 14.799851154799 9.84280652369818 0.27570064168014 0
11.328125 15.2486662914129 8.89809983067656 0.305425408390008 0
11.376953125 15.6711253615266 8.82965232671795 0.33721991587624 0
11.42578125 16.1136025052599 9.73497579383398 0.371487441653922 0
11.474609375 16.6248800588837 11.5816351277577 0.406239375217275 0
11.5234375 17.2483101844088 14.0484202306794 0.434829118641595 0
11.572265625 18.0012666784276 16.2806696542954 0.446787200407077 0
11.62109375 18.8431893424957 17.0743391703957 0.440881022105164 0
11.669921875 19.6731469970018 15.8501233897106 0.425186521977754 0
11.71875 20.3939673262665 13.2667962362504 0.399184402998541 0
11.767578125 20.9699492112824 10.4792982748508 0.365383276540065 0
11.81640625 21.4174012929141 8.22477868148871 0.329967653697306 0
11.865234375 21.7726911770009 6.72881965854287 0.295852536342346 0
11.9140625 22.0739875801951 5.97856161509167 0.263762522630666 0
11.962890625 22.3562116677916 5.91273317794457 0.234014303058383 0
12.01171875 22.651376503954 6.48253394852163 0.206843186705178 0
12.060546875 22.9894779827559 7.63388740487558 0.182103820569461 0
12.109375 23.3970989120958 9.23543477485888 0.158919263386191 0
12.158203125 23.8912750027442 10.9719903113916 0.13611026157072 0
12.20703125 24.4677285132434 12.2939618011718 0.114825298641819 0
12.255859375 25.0898880972594 12.5973845112331 0.100981404307737 0
12.3046875 25.694786214248 11.6199952597294 0.0993939823239604 0
12.353515625 26.2206065668184 9.62957910141444 0.106707519814336 0
12.40234375 26.6306673647346 7.14488673548087 0.116450907297109 0
12.451171875 26.9137092228085 4.54952584685621 0.12463528290209 0
12.5 27.0704304739581 1.96379194710877 0.129879530294567 0
12.548828125 27.1014167591425 -0.674079003046928 0.132908452080313 0
12.59765625 27.0016043093545 -3.4673217875692 0.136062531936416 0
12.646484375 26.7617980595112 -6.3997752195134 0.140567973475195 0
12.6953125 26.3784561870845 -9.16436317631118 0.140607712485833 0
12.744140625 25.8712786696693 -11.1309416220465 0.122707594901524 0
12.79296875 25.2960692562119 -11.7046878832982 0.0834906145303968 0
12.841796875 24.7295852172244 -10.8640872264657 0.0421074026781507 0
12.890625 24.2321715889547 -9.16952218052656 0.0185204803471866 0
12.939453125 23.8291724468891 -7.23607167326883 0.0147832625379622 0
12.98828125 23.5215600221851 -5.37379149954481 0.0223100719691892 0
13.037109375 23.303049486028 -3.61482405586707 0.0334927680192071 0
13.0859375 23.169962976599 -1.86734260130679 0.0452261077424687 0
13.134765625 23.1241300565791 -0.0208802983362089 0.0576126546953663 0
13.18359375 23.1724663555204 2.0100658549861 0.0718116929642938 0
13.232421875 23.3253605705842 4.26310302060882 0.088325861815034 0
13.28125 23.5937498257725 6.68316109541685 0.105857192389606 0
13.330078125 23.9829414480843 9.03912372074887 0.12084609140362 0
13.37890625 24.4814316122972 10.8643646108328 0.12885100025509 0
13.427734375 25.0488779014914 11.5876803991676 0.128115354096383 0
13.4765625 25.6178038935579 10.9025075292043 0.119829582642735 0
13.525390625 26.1178935232944 9.01918778964287 0.104766206918904 0
13.57421875 26.5024586518497 6.46959611913099 0.0847595595923341 0
13.623046875 26.7534283583651 3.72898051133296 0.0635932249844523 0
13.671875 26.8706380329939 1.05663309230082 0.0443265996775065 0
13.720703125 26.8611879055611 -1.44278450725494 0.0275043657291062 0
13.76953125 26.7347086669026 -3.71485161573964 0.0109044954728982 0
13.818359375 26.502961500299 -5.70122977409333 -0.0088890638103501 0
13.8671875 26.1806822053362 -7.3395974150522 -0.0322975142979286 0
13.916015625 25.7857949120387 -8.57625887915771 -0.0524615955249516 0
13.96484375 25.3395225513358 -9.34541507934443 -0.0569836349125643 0
14.013671875 24.8681854313209 -9.52785926585816 -0.0380494576918896 0
14.0625 24.4057841142803 -8.97234770480135 -0.00221752687954341 0
14.111328125 23.9923945294452 -7.61299976348422 0.0336703391797467 0
14.16015625 23.6660276613617 -5.56254905676242 0.058126173933455 0
14.208984375 23.4541414179742 -3.05490264779268 0.0721873944466688 0
14.2578125 23.3720859767038 -0.301907305021247 0.0823640439015435 0
14.306640625 23.4276945502398 2.58220310805254 0.0929743248494468 0
14.35546875 23.6260538043763 5.53348101044955 0.10479868666674 0
14.404296875 23.9691908394729 8.40291649887314 0.116597399610389 0
14.453125 24.44777405373 10.8164862070305 0.126661271333427 0
14.501953125 25.0272607887431 12.2083082330816 0.134655985466557 0
14.55078125 25.6428080173244 12.1716399498591 0.140859066609992 0
14.599609375 26.2197170142422 10.8404884451595 0.142543865917928 0
14.6484375 26.7059059758287 8.80297729716126 0.138067273996455 0
14.697265625 27.084110703099 6.66637702035766 0.130942015903506 0
14.74609375 27.3617002351111 4.78931648621933 0.1259086288621 0
14.794921875 27.5564999134342 3.29616759346359 0.125721246385936 0
14.84375 27.6879772147908 2.1816587003335 0.131118363408543 0
14.892578125 27.7733507278356 1.38547154975546 0.141618513605831 0
14.94140625 27.8261357027489 0.825697557182395 0.156076893647026 0
14.990234375 27.8555640606658 0.4102063979752 0.172947178157267 0
15.0390625 27.8662467256482 0.0395647641911482 0.190406509346911 0
15.087890625 27.8578588271146 -0.393531206627752 0.206519859364946 0
15.13671875 27.8247219632901 -1.00728182465163 0.219585975237261 0
15.185546875 27.7551854401329 -1.93437621035012 0.228741914570086 0
15.234375 27.6308751085671 -3.31863005013494 0.234768413408758 0
15.283203125 27.4264331616933 -5.28434498380344 0.240541464827783 0
15.33203125 27.1117325347442 -7.83843872370316 0.249130400954335 0
15.380859375 26.6608891138792 -10.6755143503223 0.25651380688852 0
15.4296875 26.0726948591173 -13.0231753867433 0.245439280681924 0
15.478515625 25.3940221060573 -13.9586863826255 0.205284157927248 0
15.52734375 24.7115355187102 -13.2169918409485 0.158755304970568 0
15.576171875 24.1004418389406 -11.4345627669891 0.134650879482072 0
15.625 23.5899044521952 -9.44605528748069 0.135835062278394 0
15.673828125 23.1746807248418 -7.69149658071911 0.149380518983878 0
15.72265625 22.8389473046967 -6.23467423481858 0.164316966170381 0
15.771484375 22.5690721912117 -4.99464479405462 0.176504789079369 0
15.8203125 22.3560115038459 -3.89556961175409 0.18650269002613 0
15.869140625 22.1933873926868 -2.91105526611583 0.196461301071933 0
15.91796875 22.075152737452 -2.05404008932103 0.207881721519501 0
15.966796875 21.9942625115527 -1.35385669710951 0.220678531321699 0
16.015625 21.9423251874353 -0.84057213030562 0.233370811740777 0
16.064453125 21.9097128873157 -0.540524475947137 0.243845374461255 0
16.11328125 21.8856663476078 -0.479424917807191 0.250184887668112 0
16.162109375 21.8581601182627 -0.688101844215475 0.251319716478148 0
16.2109375 21.8135023935032 -1.20685982503305 0.247455701066319 0
16.259765625 21.7358099134902 -2.08472810302533 0.2402405203389 0
16.30859375 21.6066829615202 -3.36855380653317 0.232439958447 0
16.357421875 21.4056851122304 -5.07478754376753 0.226540976165704 0
16.40625 21.1126001276406 -7.13900590443792 0.221687801130393 0
16.455078125 20.7125389975862 -9.35736043452962 0.210526075322561 0
16.50390625 20.2037383029511 -11.3765158018129 0.183090003588775 0
16.552734375 19.6043888336213 -12.7997766453252 0.143284396110349 0
16.6015625 18.9521279781452 -13.3606872762904 0.118002840332547 0
16.650390625 18.2948048843023 -12.9967831116437 0.130630397482634 0
16.69921875 17.6792948712602 -11.8021812539843 0.170466141981618 0
16.748046875 17.1429605092463 -9.99499777046524 0.207927121683386 0
16.796875 16.7074649968573 -7.89433975987127 0.228322350492464 0
16.845703125 16.3768740162822 -5.82818768314556 0.236460924364071 0
16.89453125 16.1413934990746 -4.03062746126725 0.241190136825136 0
16.943359375 15.9837156089413 -2.6121560519925 0.246270531373106 0
16.9921875 15.8843284276478 -1.59216373041554 0.250891439352784 0
17.041015625 15.8244971473832 -0.944929817492045 0.252759802559167 0
17.08984375 15.7873281829906 -0.632837524655023 0.250140508965225 0
17.138671875 15.7577306522497 -0.62344179843292 0.24262846297672 0
17.1875 15.7219247061839 -0.894750658522042 0.231208070209878 0
17.236328125 15.6669168711651 -1.43302942004129 0.217938948413126 0
17.28515625 15.5802027595826 -2.22612553872768 0.205329260735389 0
17.333984375 15.4498362814941 -3.25529086416116 0.195346214043705 0
17.3828125 15.2648420841992 -4.49019162031714 0.188172780873261 0
17.431640625 15.015686865108 -5.89339776950176 0.181357663704913 0
17.48046875 14.6942725020898 -7.43611397549151 0.170692254475644 0
17.529296875 14.2931563322969 -9.10793846508838 0.154021228436736 0
17.578125 13.8052300263108 -10.8740414821447 0.137068143234985 0
17.626953125 13.227852906582 -12.5381744814681 0.135812619849175 0
17.67578125 12.5758476935689 -13.6026023578357 0.165257231019252 0
17.724609375 11.8971774691523 -13.4354204657426 0.215399216887329 0
17.7734375 11.266356131484 -11.8330577181379 0.252452824873074 0
17.822265625 10.7465719256828 -9.30735561838623 0.260951644417475 0
17.87109375 10.3608841161546 -6.64175550448754 0.254514644749663 0
17.919921875 10.0981546916862 -4.35759178281199 0.246841124546131 0
17.96875 9.93266969940041 -2.62126072350533 0.24048425210119 0
18.017578125 9.83779985888351 -1.3936402937092 0.233017318152559 0
18.06640625 9.79160644418363 -0.563306806717577 0.222320445622485 0
18.115234375 9.7780797208031 -0.00945027017316213 0.207976137511004 0
18.1640625 9.78682583529791 0.379230032956946 0.190960794227794 0
18.212890625 9.81249571859127 0.703777643678185 0.172994767818409 0
18.26171875 9.85438154067843 1.05899141886412 0.155982373225356 0
18.310546875 9.91622174353663 1.53659460440673 0.141633804805395 0
18.359375 10.0061091985978 2.22554587675109 0.131258663951416 0
18.408203125 10.1363458449178 3.20824379718951 0.125653563751817 0
18.45703125 10.3230038517039 4.54884751019009 0.124940813636444 0
18.505859375 10.5846483853088 6.26342105632105 0.12819452141039 0
18.5546875 10.938960534437 8.25621542924671 0.132854090473775 0
18.603515625 11.3951825808743 10.2263475962238 0.134706101487508 0
18.65234375 11.9415703914865 11.6336677429326 0.130385980191345 0
18.701171875 12.5345282699842 11.8949184306398 0.12119439976107 0
18.75 13.1053907819307 10.7777467186447 0.110472428016894 0
18.798828125 13.5881807524681 8.5676015057149 0.098498172030992 0
18.84765625 13.9425178168925 5.78385319051621 0.0850148587661031 0
18.896484375 14.1533960668834 2.82227049195547 0.0713770286702062 0
18.9453125 14.2191610721275 -0.1313620069294 0.059228099908709 0
18.994140625 14.1428867423169 -2.98223485993844 0.0486116568945196 0
19.04296875 13.9318338214582 -5.57905104468685 0.0357976694680216 0
19.091796875 13.6029995469069 -7.65271232121142 0.013776453517453 0
19.140625 13.18872334259 -8.9102525355924 -0.0199907331431244 0
19.189453125 12.7341284942748 -9.23064007609526 -0.0553458801186498 0
19.23828125 12.2847434977065 -8.75066142309206 -0.0761283048424471 0
19.287109375 11.8747410870038 -7.7328664923109 -0.0753866282834524 0
19.3359375 11.5252410744172 -6.38118956433443 -0.0588266821788673 0
19.384765625 11.2497858941029 -4.78076763462709 -0.0365622366388567 0
19.43359375 11.0595945859421 -2.94543548545678 -0.0154061556538169 0
19.482421875 10.9656479521087 -0.877058681524855 0.00298172418712598 0
19.53125 10.9786107760274 1.40456844907567 0.0198468062570639 0
19.580078125 11.1077859316263 3.8405701928795 0.0363577925686948 0
19.62890625 11.3585534586263 6.28752873870619 0.051856723343492 0
19.677734375 11.7265844345375 8.45338061485024 0.0638050576876705 0
19.7265625 12.1888950292428 9.89805635081927 0.0695513665158971 0
19.775390625 12.6981223402228 10.210577080999 0.0683551601042221 0
19.82421875 13.1909933650765 9.28926097191112 0.0605336275749778 0
19.873046875 13.6101661217382 7.4238551783871 0.0466756978706014 0
19.921875 13.9207833305999 5.07466285689146 0.0291673374319821 0
19.970703125 14.1105808939425 2.61588848749705 0.0113365408222207 0
20.01953125 14.1812002785594 0.256315498231361 -0.00490809564433064 0
20.068359375 14.1404946365644 -1.91347297675831 -0.0199489299811997 0
20.1171875 13.9985124222943 -3.86156357336142 -0.0355227340166387 0
20.166015625 13.7658254303973 -5.58369200529378 -0.0522354207934731 0
20.21484375 13.452917855595 -7.08054574643857 -0.0665759184928977 0
20.263671875 13.0710944265069 -8.31025490453699 -0.0702042019836998 0
20.3125 12.6364364485035 -9.12289650301235 -0.0546676858982401 0
20.361328125 12.1762182168934 -9.25650035336237 -0.0206558689689913 0
20.41015625 11.7318793327003 -8.47634259872704 0.0181435967422119 0
20.458984375 11.3515200146685 -6.77121942372933 0.0462964070326229 0
20.5078125 11.0755185712005 -4.38084267473968 0.0604969255683139 0
20.556640625 10.9282157230673 -1.61728989542366 0.0673662905017902 0
20.60546875 10.9205788555071 1.30487336497712 0.0732261340005801 0
20.654296875 11.0571025484461 4.2803361936105 0.0802165170919515 0
20.703125 11.3390372686086 7.19482666078494 0.0878833437791013 0
20.751953125 11.7598811298747 9.77088957830632 0.0952406127613803 0
20.80078125 12.2937757562039 11.5229800852472 0.10240415459555 0
20.849609375 12.8866551847199 11.989310847833 0.110511942554523 0
20.8984375 13.4672224434548 11.1222525141091 0.117912221742392 0
20.947265625 13.9763541827436 9.37259072113654 0.121290385773667 0
20.99609375 14.3865879255107 7.34999622764804 0.12154548409501 0
21.044921875 14.6983859599129 5.48903021375462 0.122560376791136 0
21.09375 14.9268052370044 3.98254232297555 0.127320889441904 0
21.142578125 15.0911526530774 2.86452603822518 0.136906496274426 0
21.19140625 15.2097727562903 2.0947402794909 0.151039079293024 0
21.240234375 15.2980273142693 1.60590454385355 0.168669953541127 0
21.2890625 15.3677297563759 1.32481853330288 0.18830087998171 0
21.337890625 15.4271901006793 1.18172809992722 0.2081457843027 0
21.38671875 15.4815418704812 1.11487667574008 0.226272451852565 0
21.435546875 15.5332020780664 1.07237663949178 0.240799812777323 0
21.484375 15.5823586641421 1.01203734598998 0.25015035146839 0
21.533203125 15.6274040208997 0.899813241857761 0.253310145700543 0
21.58203125 15.6652713883289 0.707796421624629 0.250039896454994 0
21.630859375 15.6916772289898 0.412721867607867 0.240991204390629 0
21.6796875 15.7013148362925 -0.00423379432300802 0.227691341766845 0
21.728515625 15.688072856556 -0.555979126661782 0.212356728537192 0
21.77734375 15.645355593483 -1.24672287516078 0.197489280591621 0
21.826171875 15.5665390515586 -2.0695454080411 0.185236234990886 0
21.875 15.4454792496393 -3.00778314927401 0.176611266053728 0
21.923828125 15.2767900872046 -4.04478812791833 0.170906180177336 0
21.97265625 15.0554112406758 -5.1841442363699 0.165835084305126 0
22.021484375 14.775046597919 -6.47279334755857 0.158862816749043 0
22.0703125 14.425765227458 -8.00189117094825 0.14971737131451 0
22.119140625 13.9927538519527 -9.83972899361439 0.143474175661498 0
22.16796875 13.46081257319 -11.8521114565807 0.151704355839936 0
22.216796875 12.8305029104749 -13.4814732269018 0.184632923424289 0
22.265625 12.1425704013985 -13.8574172027708 0.232189305819126 0
22.314453125 11.4803784999922 -12.5185648449354 0.263002501739151 0
22.36328125 10.9249953762862 -9.95627446809967 0.263094971483042 0
22.412109375 10.5107168540865 -7.1256778673603 0.24879771858047 0
22.4609375 10.2281448895318 -4.68736628264624 0.235009256347643 0
22.509765625 10.049317008317 -2.84631077446926 0.223617759121743 0
22.55859375 9.94533721909073 -1.54842844109276 0.211783601314572 0
22.607421875 9.89324804145056 -0.654301801521028 0.197671232179028 0
22.65625 9.87737332650409 -0.0162924905181476 0.181367345420692 0
22.705078125 9.88885065123322 0.500174593398294 0.164178567257146 0
22.75390625 9.92489696759779 1.01577454006964 0.147844008564888 0
22.802734375 9.98823160952248 1.64044539600731 0.134009817276309 0
22.8515625 10.0866411411438 2.47430681067557 0.123944004794105 0
22.900390625 10.2325023812001 3.60299839396876 0.118361952394756 0
22.94921875 10.4419067739668 5.08152753556153 0.117186037555103 0
22.998046875 10.7326044131426 6.89452961364499 0.119098423452234 0
23.046875 11.1192156025816 8.88179674600985 0.121086020665806 0
23.095703125 11.6038472237346 10.6577058524133 0.119204059754957 0
23.14453125 12.1634049589448 11.649508749372 0.111955508090592 0
23.193359375 12.7440278475409 11.382473830442 0.102172492809768 0
23.2421875 13.2764240909487 9.82411885993041 0.0920726632644792 0
23.291015625 13.7039369512269 7.37262886341287 0.0810132220597834 0
23.33984375 13.9965052961064 4.5082927086292 0.0690268948647293 0
23.388671875 14.1445433223791 1.53623123202177 0.0575065874288354 0
23.4375 14.1478212726921 -1.40234220313065 0.047582257873367 0
23.486328125 14.010411759016 -4.18576518271682 0.0379138439702043 0
23.53515625 13.7434451147907 -6.58884806027399 0.0228550169063857 0
23.583984375 13.37190886956 -8.28874184303828 -0.00418541430327807 0
23.6328125 12.9373448386633 -9.03724370626981 -0.0407983151822117 0
23.681640625 12.48917415008 -8.84924540533612 -0.0727192189106614 0
23.73046875 12.0694944070771 -7.97902567891466 -0.0866848468171765 0
23.779296875 11.7049987425237 -6.71402115148739 -0.0814851111142881 0
23.828125 11.4101078970742 -5.22141370261696 -0.0648434307261646 0
23.876953125 11.1940678398451 -3.54509603956951 -0.0450292460873038 0
23.92578125 11.0656130064971 -1.67460787749588 -0.0263698146290573 0
23.974609375 11.0341706133948 0.3967283086906 -0.00945327921680584 0
24.0234375 11.10898139935 2.63898920427769 0.00654362296882675 0
24.072265625 11.2968290851285 4.95288983514563 0.0216731869678322 0
24.12109375 11.5976317805979 7.12183758858505 0.0343017654755322 0
24.169921875 11.9972774823118 8.787336892556 0.0419005101666445 0
24.21875 12.4607428455874 9.53972136571118 0.0430173130124063 0
24.267578125 12.9338437230875 9.14347618381762 0.0377964846268045 0
24.31640625 13.3585099208354 7.70687028975638 0.0267595607628638 0
24.365234375 13.6912090939487 5.59792096512225 0.0112943853017533 0
24.4140625 13.9099369650165 3.21130535170727 -0.00598616044113 0
24.462890625 14.0097118123384 0.824588255010482 -0.0229749509839647 0
24.51171875 13.9954265462517 -1.40326863150137 -0.0395183544024034 0
24.560546875 13.8772090213306 -3.38261353506297 -0.0570988404393312 0
24.609375 13.668248642452 -5.06239170380879 -0.0766422729691761 0
24.658203125 13.3835101976694 -6.42043437706386 -0.0954742634493263 0
24.70703125 13.0389095983755 -7.4422537478378 -0.106241760667099 0
24.755859375 12.6521335543619 -8.07264647735851 -0.100509344923041 0
24.8046875 12.2458672099022 -8.17984785431183 -0.0759982357530454 0
24.853515625 11.850990040029 -7.60009099644633 -0.0409859779865211 0
24.90234375 11.5048983797651 -6.2581139332172 -0.00886048079211667 0
24.951171875 11.2438557637521 -4.24524114613474 0.012919417279537 0
25 11.0952963783662 -1.76556792805687 0.0262080743479754 0
25.048828125 11.0758942143764 0.977600059603784 0.0362285830143289 0
25.09765625 11.1941533839562 3.82556510289903 0.0460883487964072 0
25.146484375 11.4519803172534 6.60020233488569 0.0559241951790811 0
25.1953125 11.8408296562031 8.99486823649983 0.0643535523231384 0
25.244140625 12.3327191177121 10.5577511442429 0.0704392081404386 0
25.29296875 12.8748237298416 10.8981526820263 0.0742930959946565 0
25.341796875 13.4006906653868 9.99296060406646 0.0749126369932515 0
25.390625 13.8549435336675 8.23145670674546 0.0710378416971963 0
25.439453125 14.2090525265487 6.13271538643434 0.064511638790697 0
25.48828125 14.4583753698618 4.07134224484305 0.0589115112290629 0
25.537109375 14.6109695469862 2.2122168106792 0.0566433453528466 0
25.5859375 14.6781971575267 0.567160047247226 0.0581937732344704 0
25.634765625 14.6691235144469 -0.943276547138293 0.0627160877080719 0
25.68359375 14.5872572210004 -2.45552081728395 0.0689294585037254 0
25.732421875 14.4284115457404 -4.1396663623149 0.0762287643557416 0
25.78125 14.179842511281 -6.15274918681028 0.0861792665184767 0
25.830078125 13.8227966060554 -8.52041642748178 0.103568888035836 0
25.87890625 13.3431975574386 -10.9221178631595 0.133160336672928 0
25.927734375 12.7545027299024 -12.5543960058435 0.169147368536474 0
25.9765625 12.1199334837228 -12.5323196216095 0.191279979840207 0
26.025390625 11.5356178474566 -10.7362757886528 0.185700808838248 0
26.07421875 11.0744905375533 -7.95079091794879 0.163142429929795 0
26.123046875 10.7584283486456 -5.06836377615014 0.140449731849967 0
26.171875 10.575935663067 -2.52479621764372 0.1221999735262 0
26.220703125 10.5070317721715 -0.354307245217806 0.105673539221782 0
26.26953125 10.5364349070974 1.58305554595994 0.0882920347591286 0
26.318359375 10.6572272385955 3.45063402792308 0.0693924774845413 0
26.3671875 10.8696275221866 5.35319017912667 0.0495125456871084 0
26.416015625 11.1766654140715 7.27315794381345 0.0295822350253218 0
26.46484375 11.5766935241494 9.01421603772141 0.0109382979035657 0
26.513671875 12.0535411774933 10.2079619182293 -0.0036221749537185 0
26.5625 12.5696911553044 10.468895023914 -0.00980223882616924 0
26.611328125 13.0715382710783 9.64669758428853 -0.00559863629914495 0
26.66015625 13.5070685901221 7.92829383168231 0.00589188396160772 0
26.708984375 13.8409665042319 5.66664398901131 0.0197386286974866 0
26.7578125 14.0556426980303 3.1391636349244 0.0327495303086199 0
26.806640625 14.1429168277686 0.454380339509546 0.0441414978167356 0
26.85546875 14.0960276906486 -2.38338559886926 0.0552510732749414 0
26.904296875 13.9076013615085 -5.31950626112185 0.0679588714320495 0
26.953125 13.5764906699535 -8.05928792881195 0.0798589026962815 0
27.001953125 13.1236203036812 -9.99218212723269 0.0801540123404954 0
27.05078125 12.6056341238672 -10.4924896449343 0.0590871062118503 0
27.099609375 12.1026157413927 -9.4701683559211 0.0234717283560643 0
27.1484375 11.680711395883 -7.46851628621343 -0.00994108773918508 0
27.197265625 11.3697547201037 -5.16396816281011 -0.0322523599336692 0
27.24609375 11.1714873138634 -2.95139504753265 -0.0449959876343541 0
27.294921875 11.0769636388771 -0.92871945806956 -0.0525534614824786 0
27.34375 11.0774834198043 0.950041169122487 -0.0576727393006385 0
27.392578125 11.1678673946545 2.74533528120888 -0.0613471246580928 0
27.44140625 11.3449150423411 4.45469338658949 -0.0639442259201756 0
27.490234375 11.6030469096452 5.97091348736621 -0.0659232829433134 0
27.5390625 11.928578785791 7.08078405803604 -0.0677182137658649 0
27.587890625 12.2951776177851 7.52998909720154 -0.0692078160449249 0
27.63671875 12.664455519564 7.14743925641407 -0.069914959643987 0
27.685546875 12.9935607108169 5.94549483635048 -0.069923173610195 0
27.734375 13.2455249992438 4.1086698089458 -0.069862098918472 0
27.783203125 13.3956961796966 1.89910259122192 -0.0701322383683149 0
27.83203125 13.432798658181 -0.414352125424924 -0.0710987014803507 0
27.880859375 13.3583532135234 -2.55746575529899 -0.0744137688925902 0
27.9296875 13.1874673930674 -4.23668837576294 -0.0837386308478554 0
27.978515625 12.9495853903894 -5.19055584799372 -0.102480981608618 0
28.02734375 12.684635867776 -5.30740414575208 -0.129458962567892 0
28.076171875 12.4329774990381 -4.69616845280364 -0.158222581922114 0
28.125 12.2248127593805 -3.61939673393975 -0.181824938814188 0
28.173828125 12.075964578484 -2.35296537303849 -0.197055099871472 0
28.22265625 11.9902549900541 -1.09492861249113 -0.20430817186289 0
28.271484375 11.9641149202352 0.0428478762409767 -0.205381757539454 0
28.3203125 11.9901032582704 1.00185948638343 -0.201969501190006 0
28.369140625 12.058589035223 1.74474732949115 -0.195296710193595 0
28.41796875 12.1582399024569 2.24012697610221 -0.186289366844975 0
28.466796875 12.2762330561462 2.46421907185938 -0.175805079942687 0
28.515625 12.3988724819235 2.41223288718846 -0.164771643719225 0
28.564453125 12.5128715527075 2.11048943607828 -0.154235157547359 0
28.61328125 12.6071142080077 1.62169588952991 -0.145356248876908 0
28.662109375 12.6744154710095 1.03974819340597 -0.139377440202811 0
28.7109375 12.7127469488475 0.474458255142385 -0.137527722579408 0
28.759765625 12.725501385578 0.0290845595225037 -0.140777508425722 0
28.80859375 12.7205597730992 -0.224198657333443 -0.149433057463597 0
28.857421875 12.7082342730574 -0.262915538752982 -0.162779893635125 0
28.90625 12.6985907435143 -0.118862517411141 -0.179092291337019 0
28.955078125 12.698963343143 0.133647014757761 -0.196088676888401 0
29.00390625 12.7123727579956 0.39976818420493 -0.211552239158077 0
29.052734375 12.737106855663 0.586560443380226 -0.223764470271775 0
29.1015625 12.7672760295872 0.619161099422992 -0.231625991692819 0
29.150390625 12.7939680196129 0.449492381527015 -0.234550363583303 0
29.19921875 12.8066822721823 0.0601302314433829 -0.232259957861597 0
29.248046875 12.7948989466811 -0.532571729395062 -0.224588060127092 0
29.296875 12.7498385737795 -1.27254031742003 -0.211421846411987 0
29.345703125 12.6665924339283 -2.05524204587987 -0.19298858543194 0
29.39453125 12.546655924172 -2.7241920159183 -0.170577816754108 0
29.443359375 12.4002650600173 -3.08952004111814 -0.14723880760509 0
29.4921875 12.2470161788001 -2.98087639177998 -0.127345769362848 0
29.541015625 12.1131356393743 -2.31771228755231 -0.11454901989968 0
29.58984375 12.0255797542218 -1.15026480720188 -0.109730495710492 0
29.638671875 12.0056134999893 0.358228196298796 -0.111097259652607 0
29.6875 12.0646083331817 1.98453179087717 -0.116003780882685 0
29.736328125 12.202491526889 3.49132179352779 -0.12236752691323 0
29.78515625 12.4077776170828 4.65655802332679 -0.1288206983376 0
29.833984375 12.6588260979526 5.30596166722361 -0.134348460878516 0
29.8828125 12.9270960229741 5.35450912664002 -0.138202090877778 0
29.931640625 13.182526082732 4.82955090938431 -0.14002336248328 0
29.98046875 13.3991031734426 3.84682729079556 -0.139767303229006 0
30.029296875 13.5579407948084 2.54960142270697 -0.137504403854997 0
30.078125 13.6469351122985 1.05070411425005 -0.133337569816845 0
30.126953125 13.6582215225176 -0.592658289678255 -0.127232762275284 0
30.17578125 13.5854297236635 -2.36456407643298 -0.118471286780565 0
30.224609375 13.4226148208311 -4.23760853755068 -0.104942159150504 0
30.2734375 13.1666947123157 -6.08507010415439 -0.0834754329010718 0
30.322265625 12.8247780606618 -7.59501763461583 -0.0530947443768836 0
30.37109375 12.4243844844087 -8.3003579973801 -0.020099837649466 0
30.419921875 12.0170849459536 -7.82537878519463 0.00308216150833596 0
30.46875 11.6650608663609 -6.17596163959305 0.00924508037965444 0
30.517578125 11.4183481650921 -3.72428908623408 0.00310410895228128 0
30.56640625 11.3037022340781 -0.913694844027081 -0.00658548254502131 0
30.615234375 11.3292865140331 1.95291591747306 -0.0152307206316849 0
30.6640625 11.4930278696086 4.69265607015871 -0.0221005224044947 0
30.712890625 11.7853400256355 7.11186905412278 -0.0270976123538451 0
30.76171875 12.1851142409407 8.92050263886545 -0.0288492722437798 0
30.810546875 12.6543055327123 9.79966707535253 -0.0248422316659614 0
30.859375 13.1405207453232 9.60665504274185 -0.0140152825232499 0
30.908203125 13.5915571980143 8.51150853180592 0.0014716343465081 0
30.95703125 13.9713624297187 6.89392399211406 0.0188413067501566 0
31.005859375 14.2646195710775 5.11633879263747 0.0370241312277332 0
31.0546875 14.4705906098615 3.38575406158505 0.0558050167292257 0
31.103515625 14.5941770382583 1.74522099210545 0.074607286216219 0
31.15234375 14.6389135448212 0.119303748815095 0.0924062183273557 0
31.201171875 14.6024918945762 -1.64011293677955 0.108446179910348 0
31.25 14.4742830329055 -3.70865401269365 0.12341782331268 0
31.298828125 14.2353444320111 -6.20801633462004 0.140426436890317 0
31.34765625 13.8639080359307 -9.03163047865141 0.163011945570171 0
31.396484375 13.3520525737918 -11.6032712806508 0.186693674371475 0
31.4453125 12.7335442545628 -12.9231992125001 0.194178363328425 0
31.494140625 12.0949950108706 -12.3211606081909 0.174451619349807 0
31.54296875 11.5331576454234 -10.1806903914104 0.13989261649762 0
31.591796875 11.0993485703788 -7.50680808559794 0.10976053252224 0
31.640625 10.795709289875 -5.03676202064317 0.0900823397039597 0
31.689453125 10.6025540918942 -2.99525563542153 0.0771512075525584 0
31.73828125 10.4993327722564 -1.30499364499495 0.0671200674342606 0
31.787109375 10.4729649912864 0.207523640368516 0.0586974347475553 0
31.8359375 10.5192100883403 1.71223483440304 0.0521553569830944 0
31.884765625 10.6412489772013 3.33366604714382 0.0480366259734909 0
31.93359375 10.8468708152175 5.12001348966053 0.0462514284765979 0
31.982421875 11.1439506514252 6.99867533389868 0.0455214164513576 0
32.03125 11.5332203289316 8.72510646600876 0.0435744910282159 0
32.080078125 11.9987021220213 9.88895567336724 0.0388455482146995 0
32.12890625 12.5010929497222 10.069730360158 0.0323039476156989 0
32.177734375 12.9834846261531 9.09495049565753 0.0257238731442543 0
32.2265625 13.3900005488531 7.14872602559184 0.0190392507122322 0
32.275390625 13.6820123237397 4.60565097691281 0.0117312143267938 0
32.32421875 13.8404281433694 1.80294858525231 0.004360786141765 0
32.373046875 13.8596275226375 -1.02569422918107 -0.00243759453443236 0
32.421875 13.7432286550616 -3.66953133757683 -0.0101643537073589 0
32.470703125 13.5057018324652 -5.85062049789393 -0.0238696379911407 0
32.51953125 13.1768257771876 -7.25139188899614 -0.048834469393346 0
32.568359375 12.8011061416016 -7.68299902503845 -0.0828010457575603 0
32.6171875 12.4269126144081 -7.22994067372935 -0.114719625868194 0
32.666015625 12.0920873786196 -6.18681623913431 -0.134286914358684 0
32.71484375 11.8179166256912 -4.85691329090664 -0.139296261457386 0
32.763671875 11.6131270476445 -3.41911598874896 -0.133697089089157 0
32.8125 11.480960179468 -1.9278798509572 -0.122587472649374 0
32.861328125 11.4239278273916 -0.377844407433447 -0.109541843814846 0
32.91015625 11.4451032297938 1.23211181268389 -0.0964080282230844 0
32.958984375 11.5467738274887 2.85547133896554 -0.0841346810878626 0
33.0078125 11.7274283756233 4.37418022030151 -0.0735945993257881 0
33.056640625 11.9779377767364 5.5984142847659 -0.0658474728363949 0
33.10546875 12.2784001029199 6.30639836657734 -0.0617948108094376 0
33.154296875 12.5981520913308 6.32853475993998 -0.0618081537329163 0
33.203125 12.900828513892 5.63326876777021 -0.0658273528579188 0
33.251953125 13.1527706527791 4.34736087624658 -0.0735276534572461 0
33.30078125 13.330043602509 2.69715308943133 -0.0843312481009729 0
33.349609375 13.4210513299945 0.928158300666607 -0.0977509443870492 0
33.3984375 13.4256488797249 -0.744787000859924 -0.113879978458502 0
33.447265625 13.352899818845 -2.15790103111868 -0.133145541268524 0
33.49609375 13.218328675386 -3.21307029842621 -0.155040317759048 0
33.544921875 13.0404951235665 -3.89011036239722 -0.176873898974577 0
33.59375 12.8372504504021 -4.23830025839275 -0.194071072688083 0
33.642578125 12.6230800965928 -4.3375054034457 -0.202125400864866 0
33.69140625 12.4088211739794 -4.2467232794266 -0.198695945084821 0
33.740234375 12.2036503844678 -3.97063889758406 -0.184566436149304 0
33.7890625 12.0178723792648 -3.46261833241299 -0.163279807000901 0
33.837890625 11.8646689744115 -2.66035554764791 -0.139700175267763 0
33.88671875 11.7596675736371 -1.53247925296262 -0.118052828994751 0
33.935546875 11.7184882124752 -0.110717383997565 -0.10056767098991 0
33.984375 11.7534093589857 1.50277878206467 -0.0875948938788539 0
34.033203125 11.8701900655815 3.14378872781819 -0.0787324130354197 0
34.08203125 12.0653599654304 4.60032520607339 -0.0737353884310886 0
34.130859375 12.3242417099577 5.64173231902429 -0.0725908022835268 0
34.1796875 12.6209868766047 6.07794704853093 -0.0751643383380582 0
34.228515625 12.9223862444991 5.83304316676859 -0.0810721306221968 0
34.27734375 13.1951339278479 4.97914060181614 -0.0897197536218854 0
34.326171875 13.4129889474677 3.69654818535066 -0.100218341989232 0
34.375 13.5601530719009 2.19169298906498 -0.111493254700448 0
34.423828125 13.6304083108548 0.630480834913017 -0.12266672799466 0
34.47265625 13.6240081535935 -0.888318349162878 -0.133167672026976 0
34.521484375 13.5442974336621 -2.32846325643051 -0.142235207421129 0
34.5703125 13.3951829268079 -3.69171307263954 -0.14806412909862 0
34.619140625 13.1802660236651 -4.97449242607027 -0.147250085197754 0
34.66796875 12.9045489584663 -6.10836897747751 -0.135533069864942 0
34.716796875 12.5791402919132 -6.91119076772664 -0.110816276123949 0
34.765625 12.2271749138644 -7.10917450149923 -0.0773061847919777 0
34.814453125 11.8857670949769 -6.46925209613403 -0.0454114435779866 0
34.86328125 11.5991873358924 -4.95778206758404 -0.0240958840422969 0
34.912109375 11.4065671655897 -2.76347496001105 -0.0139630436135432 0
34.9609375 11.3337874457365 -0.168508589184624 -0.00983845212724273 0
35.009765625 11.393323793295 2.57199491957476 -0.00719029870241275 0
35.05859375 11.5869855438679 5.23087995527156 -0.00444153834571553 0
35.107421875 11.9054850746207 7.53142302386201 -0.00168323576340326 0
35.15625 12.3236963856972 9.11616233213943 0.00116470097871887 0
35.205078125 12.7973193912417 9.66817110682944 0.00477590956266014 0
35.25390625 13.2700431360025 9.12408812908459 0.00882214322728528 0
35.302734375 13.6910967475982 7.74343652545253 0.0119443366746711 0
35.3515625 14.0293099528586 5.93748043902125 0.0142139670622843 0
35.400390625 14.2739859391648 4.04663306107959 0.0172803631234952 0
35.44921875 14.4271503984082 2.24503929213544 0.0224940126503404 0
35.498046875 14.4950533829992 0.55733936065861 0.0299747415008688 0
35.546875 14.4820827989192 -1.09425510398246 0.0389415902056182 0
35.595703125 14.3869458617998 -2.84886165473447 0.0486816394764648 0
35.64453125 14.2007055296915 -4.85972142599099 0.0599541665723025 0
35.693359375 13.9076943777439 -7.20039578324465 0.0763166362389 0
35.7421875 13.4927648733681 -9.68369320815993 0.102643214597196 0
35.791015625 12.9595017242303 -11.6748743926893 0.136925880783884 0
35.83984375 12.3543188456393 -12.2724575599757 0.163005323927309 0
35.888671875 11.765801129172 -11.0550775674489 0.163935584368281 0
35.9375 11.2786786408041 -8.53724342348534 0.143829187727392 0
35.986328125 10.9325365577542 -5.6212900543576 0.119757913153142 0
36.03515625 10.7269263013083 -2.88809438533405 0.0998848285609381 0
36.083984375 10.6459656712066 -0.481216934290155 0.0828239659027389 0
36.1328125 10.6749578557962 1.68873154975716 0.0656783706134816 0
36.181640625 10.8061435170282 3.76014175231495 0.0472745619063479 0
36.23046875 11.0378443240547 5.80871787166262 0.0279435953782953 0
36.279296875 11.3693848897212 7.76901832354922 0.00885006651373393 0
36.328125 11.792552124088 9.38971430916925 -0.00782177405544332 0
36.376953125 12.2821354438153 10.2907910038421 -0.0181694681784789 0
36.42578125 12.7929553856628 10.1707511696712 -0.0182252229221658 0
36.474609375 13.2705455093543 9.02452169972981 -0.00822446891298256 0
36.5234375 13.6693108608022 7.13357256640021 0.00728110804410639 0
36.572265625 13.9622154311965 4.84051418750687 0.0236652976401198 0
36.62109375 14.1370678443771 2.35455694760003 0.0384329537886938 0
36.669921875 14.1873552029313 -0.279494551275168 0.0513142817396674 0
36.71875 14.1055570661763 -3.08942071050227 0.0640795580645618 0
36.767578125 13.8828960482044 -6.01286571844225 0.0788060706036004 0
36.81640625 13.5182487163729 -8.70425191186612 0.0924507417049369 0
36.865234375 13.0360134133146 -10.4875390498517 0.0930381306101547 0
36.9140625 12.4990397443573 -10.7366711677389 0.0712340261355609 0
36.962890625 11.9909188002304 -9.45609595053811 0.0355803762838686 0
37.01171875 11.5751196870484 -7.28119390161976 0.00307697434426084 0
37.060546875 11.2761174245738 -4.8994517120895 -0.0184844262173349 0
37.109375 11.0916976400756 -2.66727211973211 -0.0313158841203847 0
37.158203125 11.0111613855763 -0.645139760532679 -0.0396799427599518 0
37.20703125 11.0254959702346 1.23408123926908 -0.0459706293704767 0
37.255859375 11.1298733631131 3.03876532018946 -0.0509345899480365 0
37.3046875 11.3215884720716 4.76493217613813 -0.0548406687408827 0
37.353515625 11.5952823417307 6.29552192635195 -0.0581189520950966 0
37.40234375 11.9368082535919 7.40124898663361 -0.0611203980047068 0
37.451171875 12.3184854885266 7.81352866817613 -0.0635230277913356 0
37.5 12.7000760040727 7.36001511376921 -0.0646827408326682 0
37.548828125 13.0372677942214 6.06684132968799 -0.0647285100124212 0
37.59765625 13.2925955822447 4.13533248142715 -0.0644295593478185 0
37.646484375 13.441593710011 1.83493109021773 -0.0642273900425377 0
37.6953125 13.4732134045563 -0.567670833004946 -0.0644208114353228 0
37.744140625 13.3889698675605 -2.79917411157114 -0.0666529988815293 0
37.79296875 13.2041140068483 -4.55471786929574 -0.0748890002375139 0
37.841796875 12.9491471226542 -5.54988946469477 -0.0931105435449145 0
37.890625 12.6662933517817 -5.65503921750677 -0.120391535816334 0
37.939453125 12.3986768047529 -4.9823264681156 -0.14989593949994 0
37.98828125 12.1785374649869 -3.81453196629016 -0.174172615623756 0
38.037109375 12.0225751078755 -2.44755941904433 -0.189896260948294 0
38.0859375 11.9347196426447 -1.08973194278984 -0.197636201853306 0
38.134765625 11.911247141276 0.14417490356545 -0.199359755924853 0
38.18359375 11.9445027193185 1.19372144255637 -0.196807856362705 0
38.232421875 12.0244899460406 2.01612755500035 -0.191154739411635 0
38.28125 12.1391291063772 2.57010609429806 -0.183226401223219 0
38.330078125 12.2742726465751 2.81969323859076 -0.173762752459604 0
38.37890625 12.4143024032506 2.74984090688698 -0.163573243401626 0
38.427734375 12.5436252951455 2.38271628713263 -0.153595938447298 0
38.4765625 12.648820472345 1.7852583868727 -0.144904293661907 0
38.525390625 12.720831767575 1.06404183091727 -0.138703674089304 0
38.57421875 12.7565764919751 0.348683059077429 -0.13629691793502 0
38.623046875 12.7595009090194 -0.233192838741953 -0.138885935967775 0
38.671875 12.7387740184347 -0.585228988088538 -0.147105125410538 0
38.720703125 12.7070704359537 -0.667556290753751 -0.160484350278748 0
38.76953125 12.6774053421051 -0.5066278489671 -0.177307011722385 0
38.818359375 12.6600003353339 -0.183884214248934 -0.195094236732112 0
38.8671875 12.6601680863985 0.190556582242005 -0.211389480633095 0
38.916015625 12.677638040056 0.506038809134637 -0.224325029939146 0
38.96484375 12.7071097358474 0.671639274009711 -0.232767230193151 0
39.013671875 12.7395450814362 0.626658652008601 -0.236174199678496 0
39.0625 12.7637804289782 0.344491265714284 -0.234360884847813 0
39.111328125 12.7682422496338 -0.165638573965823 -0.227286167064009 0
39.16015625 12.7427583488258 -0.855202817026655 -0.214956815946132 0
39.208984375 12.6806065135828 -1.6299062913623 -0.197606139305814 0
39.2578125 12.5808961794718 -2.34537764837559 -0.176273848159636 0
39.306640625 12.4509206961387 -2.81896694906465 -0.153516003469198 0
39.35546875 12.3072743952358 -2.87220382062287 -0.133327775319849 0
39.404296875 12.1740946823807 -2.39699365859309 -0.119543807336636 0
39.453125 12.0779898788948 -1.40666469370587 -0.113716750237226 0
39.501953125 12.0416280279028 -0.0344525936956532 -0.114611410485412 0
39.55078125 12.0788707785568 1.51238814541303 -0.119663287314422 0
39.599609375 12.1925940279635 3.00271601296607 -0.126573528476143 0
39.6484375 12.3744438558168 4.21538305331181 -0.13376634893729 0
39.697265625 12.605861703668 4.96907466292999 -0.140113816719424 0
39.74609375 12.8607850700947 5.15909628591245 -0.144766483254495 0
39.794921875 13.1103334597231 4.78378038112386 -0.147248174304511 0
39.84375 13.3281469595531 3.93255545516734 -0.147452224832447 0
39.892578125 13.4939508327449 2.7356175306754 -0.145464940903024 0
39.94140625 13.5940136742049 1.3071607286259 -0.141428652144875 0
39.990234375 13.6192058266097 -0.285923717804189 -0.135363805872015 0
40.0390625 13.5624554985364 -2.01773185927593 -0.126685989593427 0
40.087890625 13.4174928484091 -3.85846478104089 -0.113539069916479 0
40.13671875 13.1807225968352 -5.69383230461672 -0.0929615894410141 0
40.185546875 12.8576924831298 -7.23941459006023 -0.063659196543586 0
40.234375 12.4727965136215 -8.05061146126849 -0.030871924573523 0
40.283203125 12.0740332623143 -7.73533716808401 -0.00631744865738262 0
40.33203125 11.7221511328927 -6.24405428966182 0.00188852677316205 0
40.380859375 11.4688479425223 -3.9023931151665 -0.00295150155172556 0
40.4296875 11.3437735356477 -1.14827298934033 -0.0122964702590505 0
40.478515625 11.3572598792307 1.69527831725942 -0.0209885457809144 0
40.52734375 11.5082516370153 4.42679356860784 -0.0279119615791754 0
40.576171875 11.7875851725864 6.84784085358444 -0.0329488472139439 0
40.625 12.1747255097027 8.67538835093788 -0.0349104443673618 0
40.673828125 12.6327328773785 9.59704747881554 -0.0314736340908847 0
40.72265625 13.1104171646778 9.46251532649955 -0.02151173913306 0
40.771484375 13.5559414657698 8.42136022725366 -0.00690807398325968 0
40.8203125 13.9324614661527 6.83530511958132 0.00969096472034073 0
40.869140625 14.2232691816388 5.0610122926812 0.0271768127892598 0
40.91796875 14.4262644003048 3.30843755721182 0.0452969616324812 0
40.966796875 14.5452399769334 1.62525380298426 0.0634862589540233 0
41.015625 14.582817520706 -0.061077520493142 0.0807798504672448 0
41.064453125 14.535869100574 -1.89638515109501 0.0965714308076783 0
41.11328125 14.3930970205867 -4.04845578429524 0.111845198431157 0
41.162109375 14.1355455729208 -6.61190269536315 0.130008494111478 0
41.2109375 13.7434632034572 -9.41685397448345 0.154218560419459 0
41.259765625 13.2150397325489 -11.8054711216641 0.178427424931204 0
41.30859375 12.5937527498799 -12.7831293165378 0.184859078879351 0
41.357421875 11.9716448684823 -11.8398824246931 0.164588387860822 0
41.40625 11.4400031915596 -9.51222938595998 0.131210524764814 0
41.455078125 11.0410121508342 -6.79360058443401 0.102561957925608 0
41.50390625 10.7721536325826 -4.32639740770268 0.0831324057102139 0
41.552734375 10.6135801610702 -2.26934571011128 0.069173414314784 0
41.6015625 10.5465216443812 -0.52324265534304 0.0573282907682406 0
41.650390625 10.5599648548833 1.08220893844108 0.0466096307516921 0
41.69921875 10.6512077317469 2.69871710367407 0.0373229822987101 0
41.748046875 10.8237534249026 4.41456695453026 0.029829002556437 0
41.796875 11.0833941079934 6.21346291971244 0.023754004474163 0
41.845703125 11.4320090000137 7.92777020725017 0.0178607172675519 0
41.89453125 11.8590309021866 9.22440292812605 0.0110901291934002 0
41.943359375 12.3338603955101 9.70241527980045 0.00420149951527823 0
41.9921875 12.8069094320061 9.11101528597551 -0.000957916444377177 0
42.041015625 13.2233334580241 7.51107877303541 -0.00425208952814592 0
42.08984375 13.5397699859877 5.2023970338563 -0.00697321031613266 0
42.138671875 13.7308629659292 2.51649644506231 -0.00963114707846836 0
42.1875 13.7857540566742 -0.295573978796828 -0.01181804292315 0
42.236328125 13.7036283119233 -3.01793090435499 -0.0140839333769106 0
42.28515625 13.4944538751184 -5.36800546555232 -0.0203620833627713 0
42.333984375 13.1842142405671 -6.98221317147246 -0.0372165824947623 0
42.3828125 12.8171972791958 -7.57401929353947 -0.0667230698599872 0
42.431640625 12.446822728033 -7.14380833977071 -0.101015820376741 0
42.48046875 12.1183723275819 -5.98695985800537 -0.128655525264188 0
42.529296875 11.8582267915055 -4.48115743586751 -0.144159326906325 0
42.578125 11.6757928180549 -2.89264128790717 -0.148952034600491 0
42.626953125 11.5713007127315 -1.33798167772992 -0.146907987087424 0
42.67578125 11.5420916759545 0.156219593503122 -0.141204604847361 0
42.724609375 11.5851531836956 1.58159420446238 -0.133729066589599 0
42.7734375 11.6966085346847 2.89912131854335 -0.125597734826223 0
42.822265625 11.8694696049344 4.01812478814113 -0.117687156670724 0
42.87109375 12.0909981013484 4.80499360891037 -0.110807537812245 0
42.919921875 12.3412349425234 5.12309675255905 -0.105619209735142 0
42.96875 12.5942100642439 4.8912408033534 -0.102590939953088 0
43.017578125 12.8221518358718 4.12817828609857 -0.102081828873971 0
43.06640625 13.0010158584012 2.95460864496138 -0.10438305529704 0
43.115234375 13.1148491020656 1.55745882344094 -0.109780127437447 0
43.1640625 13.1577814009241 0.145176300301652 -0.118773124384849 0
43.212890625 13.1339941783999 -1.08860597553447 -0.132122028899961 0
43.26171875 13.0562051511332 -1.99704839267277 -0.150206861382627 0
43.310546875 12.9426677118278 -2.51063131591774 -0.171935008172648 0
43.359375 12.8128831700328 -2.65183045285291 -0.19433898774611 0
43.408203125 12.6832566034075 -2.51749071998523 -0.213575508553746 0
43.45703125 12.5643885322311 -2.23461352743755 -0.226512245466468 0
43.505859375 12.4607893773692 -1.91434675935253 -0.231610367339782 0
43.5546875 12.3724926335709 -1.62402980149284 -0.228827994190059 0
43.603515625 12.2974812297174 -1.38033679722307 -0.219139279337894 0
43.65234375 12.2340329177091 -1.15704833651378 -0.20418375989989 0
43.701171875 12.1824521151392 -0.90130167030705 -0.186098463346085 0
43.75 12.1458752362849 -0.554826927105207 -0.167324849862093 0
43.798828125 12.1299775184063 -0.0766235204128743 -0.150242614492769 0
43.84765625 12.1416286147974 0.538499890429981 -0.136719634318745 0
43.896484375 12.1868520125218 1.25146656494308 -0.127822942624485 0
43.9453125 12.2686795234712 1.98343411792952 -0.123831035757082 0
43.994140625 12.385519858309 2.63186132742087 -0.124448208523352 0
44.04296875 12.5305174179429 3.09400565048447 -0.129026875672391 0
44.091796875 12.692155130591 3.29198332958652 -0.136708970018383 0
44.140625 12.8560281768679 3.19148507219965 -0.146513434183223 0
44.189453125 13.0072707244905 2.80630799389053 -0.157407172970243 0
44.23828125 13.1327863723425 2.18636469204106 -0.168368414792472 0
44.287109375 13.2225277811743 1.39528565791607 -0.178439295536653 0
44.3359375 13.2695717954401 0.488406425424928 -0.186738391010694 0
44.384765625 13.269290186169 -0.49971357147153 -0.1923755399587 0
44.43359375 13.2182523775053 -1.55333689321412 -0.194237589476693 0
44.482421875 13.1136271661593 -2.65726520627307 -0.190731173031714 0
44.53125 12.9538785163468 -3.76315020528863 -0.179818471403262 0
44.580078125 12.7413818879727 -4.74985831015365 -0.159972884208667 0
44.62890625 12.4867645860593 -5.40628191848622 -0.132331483267983 0
44.677734375 12.2128381374483 -5.47895822961931 -0.102397950712452 0
44.7265625 11.9540850649752 -4.79059476166802 -0.0779839485165711 0
44.775390625 11.7494365196244 -3.34706742894602 -0.0637044243820329 0
44.82421875 11.6321839240118 -1.33223241396179 -0.0582679875541865 0
44.873046875 11.6236190379197 0.989423125373696 -0.0575055643232451 0
44.921875 11.7319614039544 3.34902322525559 -0.0582778607021154 0
44.970703125 11.9528499410362 5.47555315916534 -0.0593523072176506 0
45.01953125 12.2683050728232 7.07822020596827 -0.0602524900528007 0
45.068359375 12.645578806493 7.89282451718051 -0.0603338461717421 0
45.1171875 13.0407516563579 7.79897740200473 -0.0591894867744683 0
45.166015625 13.4091075952848 6.89855636847321 -0.0571990424955798 0
45.21484375 13.7164692200272 5.4558294201093 -0.0547018967508317 0
45.263671875 13.9437754950517 3.75063488969617 -0.0513024939092337 0
45.3125 14.0840745970249 1.9682662828023 -0.0464738604410492 0
45.361328125 14.1363343861251 0.171785666288709 -0.0402113263879964 0
45.41015625 14.0997638345058 -1.67323715501183 -0.0327863446009889 0
45.458984375 13.9701284981607 -3.64953454182813 -0.0236677574703958 0
45.5078125 13.7389993404409 -5.80797366713461 -0.0101707472983859 0
45.556640625 13.397982077346 -8.03425112355508 0.0123710457462007 0
45.60546875 12.9507838994274 -9.90129322765926 0.0455738480707777 0
45.654296875 12.430929781605 -10.7205234391988 0.0798491703883727 0
45.703125 11.9075483406276 -9.99789390162951 0.0977491802011385 0
45.751953125 11.459505331654 -7.90104068352374 0.0931851308264121 0
45.80078125 11.1389743409779 -5.08364792360271 0.0771375421838555 0
45.849609375 10.9629949425652 -2.12690328028853 0.0608072941215206 0
45.8984375 10.9287537097323 0.715600256083303 0.046829024052751 0
45.947265625 11.0289616056939 3.41658487033725 0.0337592203665888 0
45.99609375 11.2578678531983 5.98297092905929 0.0206841504946587 0
46.044921875 11.6084980983997 8.30114601807356 0.0086356447988965 0
46.09375 12.0638019361781 10.0711301200254 0.000917007825864874 0
46.142578125 12.5874885750261 10.9112864600511 0.00245877164025693 0
46.19140625 13.125289442977 10.6278216393451 0.0158455158022976 0
46.240234375 13.6219289070439 9.40051007201769 0.0379095067139895 0
46.2890625 14.040470745863 7.66007380438183 0.0634073023988736 0
46.337890625 14.3674666198012 5.80962690201575 0.0891996514606445 0
46.38671875 14.605236775126 4.06657299563089 0.113799929108283 0
46.435546875 14.7615841629901 2.46618819176623 0.13598514712357 0
46.484375 14.8423872699035 0.923075883539933 0.154563314984575 0
46.533203125 14.8473031924828 -0.716489443441252 0.168919014212098 0
46.58203125 14.7674898673636 -2.63584142964003 0.179898924297951 0
46.630859375 14.5851219637893 -4.99249110932931 0.190448551306665 0
46.6796875 14.2765072574569 -7.7938439892488 0.203884433425089 0
46.728515625 13.8234508502902 -10.6785666193738 0.216513390138015 0
46.77734375 13.2368201099653 -12.7969633856579 0.211675628672151 0
46.826171875 12.5787177712864 -13.2638178345873 0.178763620765622 0
46.875 11.9440376303051 -12.0121575050007 0.135502971082809 0
46.923828125 11.4035040114278 -9.85099297714386 0.105806405370094 0
46.97265625 10.9771957790682 -7.63789970211212 0.0949779651116694 0
47.021484375 10.6533163194493 -5.76043021818629 0.0956909270242493 0
47.0703125 10.412819210656 -4.2247270205141 0.100869326785047 0
47.119140625 10.2417568682994 -2.88599793253044 0.107528523615548 0
47.16796875 10.1342554414776 -1.58421435988697 0.115587985536319 0
47.216796875 10.0916235186872 -0.188941208045867 0.126221259846346 0
47.265625 10.1207778863329 1.40157351706768 0.140700076476749 0
47.314453125 10.233257253485 3.27299379000288 0.159657350896227 0
47.36328125 10.4447148544344 5.49004056635382 0.18263798674585 0
47.412109375 10.7733424606842 8.04090017588487 0.207576103695769 0
47.4609375 11.2338667171771 10.7056159481474 0.229941280824227 0
47.509765625 11.8230571472168 12.9159671584324 0.243504447803753 0
47.55859375 12.4999419008219 13.8813159256441 0.245619451664792 0
47.607421875 13.1836262496544 13.1532440297713 0.237945929871222 0
47.65625 13.789067039443 11.0569873037749 0.22013042318475 0
47.705078125 14.267404386001 8.36616586264991 0.194409052186353 0
47.75390625 14.6096294475751 5.69958698187555 0.166959168665843 0
47.802734375 14.8275578165274 3.32056244899118 0.142699513906143 0
47.8515625 14.9378597338881 1.25857575546531 0.123913260602325 0
47.900390625 14.9550088361438 -0.546250189653059 0.110906686833419 0
47.94921875 14.8894673208857 -2.17429900011178 0.102428428744738 0
47.998046875 14.7474081741654 -3.71537083904646 0.0961759166155813 0
48.046875 14.530115262947 -5.27901347234601 0.0900132018167082 0
48.095703125 14.232939358263 -6.98837247643219 0.0840440098943467 0
48.14453125 13.8456083578471 -8.91343912463225 0.0830287918213086 0
48.193359375 13.3579380646416 -10.9110945390436 0.096639462105704 0
48.2421875 12.7755146186667 -12.4518457483566 0.131593830258119 0
48.291015625 12.1407849897705 -12.7566025132304 0.176350846763525 0
48.33984375 11.5331176161305 -11.4311408288188 0.203919099581687 0
48.388671875 11.0294004498295 -8.90528589185864 0.204185174785409 0
48.4375 10.6662834859982 -6.00480602887957 0.191612204979305 0
48.486328125 10.4424884619676 -3.30112303228791 0.178970618436202 0
48.53515625 10.3408288271828 -0.955583728533703 0.16791403396591 0
48.583984375 10.3447115043213 1.11855602843577 0.155798523213706 0
48.6328125 10.4451249171317 3.09235880004165 0.140712689204702 0
48.681640625 10.6417607985412 5.12224216756292 0.122465810044708 0
48.73046875 10.9405433004382 7.27372603205048 0.102146255592087 0
48.779296875 11.3473458202957 9.43375642769982 0.0818418875676429 0
48.828125 11.8569808950114 11.2457441728972 0.0654471047169104 0
48.876953125 12.4406027582471 12.201676871917 0.0596049303296565 0
48.92578125 13.0436443765304 11.968680113569 0.0695770286853186 0
48.974609375 13.6048906442508 10.6807562247289 0.0924482487140085 0
49.0234375 14.0827147474398 8.83411428284874 0.120670635767662 0
49.072265625 14.4640670772202 6.92665458492911 0.149202746281282 0
49.12109375 14.7557565553165 5.24029908853653 0.175757584289659 0
49.169921875 14.9722469980183 3.84821705640126 0.198843228565953 0
49.21875 15.1275851911832 2.70101758138695 0.217104432946217 0
49.267578125 15.231558159005 1.69452851316528 0.229461674695035 0
49.31640625 15.288212681511 0.704086415935752 0.23544406601176 0
49.365234375 15.2953523099212 -0.40174706365855 0.235568038927251 0
49.4140625 15.2443962974387 -1.75328853971726 0.231660404414892 0
49.462890625 15.1206392668759 -3.46314298424536 0.226752646707935 0
49.51171875 14.9046677732491 -5.58343724364077 0.223589947096898 0
49.560546875 14.5765888799864 -8.02303558427388 0.220596821472463 0
49.609375 14.1251113908445 -10.4536112664106 0.2077016647465 0
49.658203125 13.5606558647607 -12.3345552816056 0.173656544952221 0
49.70703125 12.9230650243722 -13.1884545765667 0.128607567816749 0
49.755859375 12.2705436080843 -12.9276913272174 0.104235774482481 0
49.8046875 11.6556583092649 -11.8310501661827 0.115992139663072 0
49.853515625 11.1118234417479 -10.247612874684 0.148075048932636 0
49.90234375 10.6556512143921 -8.4271481713941 0.177956943502222 0
49.951171875 10.2928966496857 -6.54238711670429 0.19673814472195 0
50 10.0217046816143 -4.73140118319923 0.207730878179582 0
