0 0.1 0 -0.195219817227549 0
0.0625 0.0904358806903771 -0.29145827883522 -0.195228325403031 0
0.125 0.0635677151455975 -0.527262428628468 -0.195247714312752 0
0.1875 0.0245280771118186 -0.662227381965181 -0.195263893181867 0
0.25 -0.01921070760005 -0.67037595381936 -0.195264989343288 0
0.3125 -0.0592689171156014 -0.550136394515917 -0.195250194635889 0
0.375 -0.0879777569145396 -0.324661926770034 -0.195230376487429 0
0.4375 -0.0998516579618557 -0.0371827540607502 -0.195219955587626 0
0.5 -0.0926256011721334 0.257391658706296 -0.19522645149474 0
0.5625 -0.0676777006235687 0.5028244616275 -0.19524518199681 0
0.625 -0.0297725434686959 0.652111499611291 -0.195262551340956 0
0.6875 0.0138362368278427 0.676532804668557 -0.195265826621824 0
0.75 0.0547940571148737 0.571378130557537 -0.195252593417689 0
0.8125 0.0852585031475348 0.35690410514256 -0.195232580657472 0
0.875 0.0994070702576937 0.0742555013105555 -0.195220369054059 0
0.9375 0.0945404408113542 -0.222563067837877 -0.195224776740427 0
1 0.0715866867779591 -0.476895336378128 -0.195242627801771 0
1.0625 0.0349285237640882 -0.640058600463812 -0.195260979969289 0
1.125 -0.00842063828001741 -0.680679485627723 -0.195266394925472 0
1.1875 -0.0501564119393772 -0.590924233539589 -0.195254882031071 0
1.25 -0.082286167472466 -0.388089111427521 -0.195234911984384 0
1.3125 -0.0986675508678173 -0.111108551832123 -0.195221052803287 0
1.375 -0.0961747364514814 0.187075715111391 -0.195223320756653 0
1.4375 -0.0752830864788935 0.449552285552197 -0.195240082045979 0
1.5 -0.0399807007574567 0.626104764381855 -0.195259197958481 0
1.5625 0.00298000906883837 0.682803568830572 -0.195266687400887 0
1.625 0.0453697453463648 0.608716323348695 -0.195257033117954 0
1.6875 0.0790695494874252 0.418124321976262 -0.195237342998188 0
1.75 0.0976352855933975 0.147632848811073 -0.195221998855357 0
1.8125 0.0975236555888093 -0.151034715068823 -0.195222100577882 0
1.875 0.0787559462097947 -0.42087669524364 -0.195237574892047 0
1.9375 0.0449140686833542 -0.610291742179982 -0.195257226707107 0
2 0.00246947843729686 -0.68289868750681 -0.195266700519947 0
