0 0.1 0 -0.195219817227549 0
0.0078125 0.0998505606357872 -0.0382279872541431 -0.195219819405784 0
0.015625 0.099402687699154 -0.0763420968857611 -0.195219825914877 0
0.0234375 0.0986577153719471 -0.114228780362495 -0.195219836678282 0
0.03125 0.09761786300599 -0.15177514665355 -0.195219851569371 0
0.0390625 0.0962862287054854 -0.188869289277467 -0.195219870412852 0
0.046875 0.0946667803610296 -0.225400611289494 -0.195219892986741 0
0.0546875 0.0927643441540871 -0.261260147494422 -0.195219919024858 0
0.0625 0.0905845905564293 -0.29634088314871 -0.195219948219839 0
0.0703125 0.0881340178548885 -0.330538068389769 -0.195219980226627 0
0.078125 0.0854199332378391 -0.363749527601496 -0.195220014666411 0
0.0859375 0.0824504314861151 -0.395875962894722 -0.195220051130978 0
0.09375 0.0792343713176091 -0.42682125085041 -0.195220089187433 0
0.1015625 0.0757813494415774 -0.456492731643652 -0.195220128383228 0
0.109375 0.072101672385677 -0.484801489639125 -0.195220168251466 0
0.1171875 0.0682063261659661 -0.51166262452512 -0.195220208316408 0
0.125 0.0641069438774721 -0.536995512034951 -0.195220248099122 0
0.1328125 0.05981577129042 -0.560724053292751 -0.195220287123208 0
0.140625 0.0553456305447728 -0.58277691181662 -0.195220324920543 0
0.1484375 0.0507098820432854 -0.603087737216816 -0.195220361036954 0
0.15625 0.0459223846507601 -0.621595374641062 -0.195220395037762 0
0.1640625 0.0409974543145188 -0.638244059043713 -0.195220426513124 0
0.171875 0.0359498212282021 -0.652983593390984 -0.195220455083096 0
0.1796875 0.0307945856677846 -0.665769509960787 -0.195220480402355 0
0.1875 0.0255471726350648 -0.676563213952927 -0.195220502164511 0
0.1953125 0.0202232854497701 -0.685332108693172 -0.19522052010595 0
0.203125 0.0148388584367339 -0.692049701792352 -0.195220534009152 0
0.2109375 0.00941000885926465 -0.696695691708415 -0.195220543705442 0
0.21875 0.00395298825378996 -0.699256034254198 -0.195220549077122 0
0.2265625 -0.00151586667595721 -0.699722988695214 -0.195220550058967 0
0.234375 -0.00698018344457276 -0.69809514318871 -0.195220546639053 0
0.2421875 -0.0124236032882808 -0.694377419425944 -0.195220538858911 0
0.25 -0.0178298306231031 -0.688581056452418 -0.195220526812994 0
0.2578125 -0.0231826822953498 -0.680723573754004 -0.195220510647482 0
0.265625 -0.0284661364630095 -0.670828713808757 -0.195220490558428 0
0.2734375 -0.0336643809486117 -0.658926364412988 -0.195220466789276 0
0.28125 -0.0387618609069624 -0.645052461194342 -0.195220439627797 0
0.2890625 -0.0437433256547733 -0.629248870822621 -0.195220409402465 0
0.296875 -0.0485938745135658 -0.611563255519557 -0.195220376478352 0
0.3046875 -0.0532990015222663 -0.592048919550628 -0.195220341252583 0
0.3125 -0.0578446388815444 -0.57076463845421 -0.195220304149411 0
0.3203125 -0.0622171989981134 -0.547774471825357 -0.195220265614993 0
0.328125 -0.0664036150038156 -0.523147560522701 -0.195220226111931 0
0.3359375 -0.0703913796312806 -0.496957909207269 -0.195220186113642 0
0.34375 -0.0741685823351792 -0.46928415515145 -0.195220146098639 0
0.3515625 -0.077723944555522 -0.44020932427524 -0.195220106544789 0
0.359375 -0.0810468530269798 -0.409820575375855 -0.19522006792362 0
0.3671875 -0.0841273910457697 -0.378208933516505 -0.195220030694743 0
0.375 -0.0869563676131752 -0.345469013531677 -0.195219995300454 0
0.3828125 -0.0895253443822021 -0.311698734590694 -0.195219962160568 0
0.390625 -0.0918266603411548 -0.276999026739939 -0.195219931667564 0
0.3984375 -0.0938534541750137 -0.241473530318301 -0.195219904182054 0
0.40625 -0.0955996842523782 -0.20522828911147 -0.195219880028662 0
0.4140625 -0.0970601461923804 -0.168371438080214 -0.195219859492326 0
0.421875 -0.0982304879723816 -0.131012886466964 -0.195219842815071 0
0.4296875 -0.0991072225434267 -0.0932639970553894 -0.195219830193273 0
0.4375 -0.099687737926372 -0.0552372623302776 -0.195219821775461 0
0.4453125 -0.0999703047673373 -0.0170459782611555 -0.195219817660642 0
0.453125 -0.0999540813367026 0.021196083586485 -0.195219817897201 0
0.4609375 -0.0996391159612985 0.0593750049228778 -0.195219822482357 0
0.46875 -0.0990263468847826 0.0973770499078531 -0.195219831362193 0
0.4765625 -0.0981175995564883 0.135088993948876 -0.195219844432263 0
0.484375 -0.0969155813543314 0.172398451441854 -0.195219861538754 0
0.4921875 -0.0954238737527093 0.209194201763942 -0.195219882480218 0
0.5 -0.0936469219517698 0.245366512812588 -0.195219907009831 0
0.5078125 -0.0915900219900126 0.28080746136499 -0.195219934838184 0
0.515625 -0.0892593053679419 0.315411249507831 -0.195219965636557 0
0.5234375 -0.0866617212164528 0.349074516359476 -0.195219999040672 0
0.53125 -0.083805016049825 0.381696644276995 -0.19522003465486 0
0.5390625 -0.0806977111496247 0.413180058709535 -0.195220072056622 0
0.546875 -0.0773490776324886 0.44343052082916 -0.195220110801529 0
0.5546875 -0.0737691092616691 0.472357412041643 -0.195220150428412 0
0.5625 -0.0699684930693379 0.499874009454234 -0.195220190464781 0
0.5703125 -0.0659585778639467 0.525897751356668 -0.195220230432423 0
0.578125 -0.06175134070439 0.550350491756762 -0.1952202698531 0
0.5859375 -0.0573593514302473 0.573158743004369 -0.195220308254293 0
0.59375 -0.0527957353449467 0.594253905538116 -0.195220345174916 0
0.6015625 -0.0480741341562142 0.613572483799345 -0.195220380170928 0
0.609375 -0.0432086652855819 0.631056287377701 -0.195220412820773 0
0.6171875 -0.0382138796659376 0.646652616483434 -0.195220442730574 0
0.625 -0.0331047181530283 0.660314430882924 -0.195220469539019 0
0.6328125 -0.0278964666833919 0.672000501486385 -0.19522049292186 0
0.640625 -0.0226047103173035 0.681675543839776 -0.195220512595974 0
0.6484375 -0.0172452863108955 0.68931033284629 -0.195220528322923 0
0.65625 -0.0118342363665802 0.694881798125618 -0.195220539911957 0
0.6640625 -0.00638775821518268 0.698373099510551 -0.195220547222434 0
0.671875 -0.000922156686727885 0.699773682279219 -0.195220550165598 0
0.6796875 0.00454620557043012 0.69907931182599 -0.195220548705709 0
0.6875 0.0100009575605532 0.696292087583266 -0.195220542860495 0
0.6953125 0.0154257694389186 0.6914204361185 -0.19522053270093 0
0.703125 0.0208044018749048 0.684479083443975 -0.195220518350328 0
0.7109375 0.0261207551177308 0.675489006689557 -0.195220499982782 0
0.71875 0.0313589176044291 0.664477365398985 -0.195220477820958 0
0.7265625 0.0365032139520899 0.6514774128167 -0.195220452133284 0
0.734375 0.04153825217969 0.636528387633105 -0.195220423230571 0
0.7421875 0.0464489700088572 0.619675386750161 -0.195220391462117 0
0.75 0.0512206800976613 0.600969219715037 -0.195220357211346 0
0.7578125 0.0558391140669046 0.580466245546163 -0.195220320891047 0
0.765625 0.0602904651843201 0.558228192742644 -0.195220282938279 0
0.7734375 0.0645614295785084 0.534321963324067 -0.195220243808999 0
0.78125 0.0686392458612586 0.508819421792862 -0.195220203972507 0
0.7890625 0.0725117330440219 0.481797169945672 -0.195220163905753 0
0.796875 0.0761673266416597 0.453336308483699 -0.195220124087601 0
0.8046875 0.0795951128640797 0.423522186385318 -0.195220084993101 0
0.8125 0.0827848608039303 0.39244413900795 -0.195220047087855 0
0.8203125 0.0857270525360789 0.360195215881263 -0.19522001082253 0
0.828125 0.0884129110520751 0.326871899141198 -0.195219976627581 0
0.8359375 0.0908344259601601 0.292573813535384 -0.195219944908251 0
0.84375 0.0929843768885655 0.25740342890647 -0.19521991603989 0
0.8515625 0.0948563545368237 0.221465756032173 -0.195219890363648 0
0.859375 0.0964447793265682 0.184868036670894 -0.195219868182577 0
0.8671875 0.0977449176098065 0.147719428630892 -0.195219849758198 0
0.875 0.0987528953989258 0.11013068665069 -0.195219835307539 0
0.8828125 0.0994657095887235 0.0722138398498836 -0.195219825000692 0
0.890625 0.0998812366465803 0.0340818664839139 -0.195219818958909 0
0.8984375 0.0999982387525346 -0.00415163328517427 -0.195219817253239 0
0.90625 0.0998163673764994 -0.0423727659067856 -0.195219819903737 0
0.9140625 0.0993361642852411 -0.0804676735647294 -0.195219826879239 0
0.921875 0.0985590599770505 -0.118322863226605 -0.195219838097709 0
0.9296875 0.0974873695473254 -0.155825534940479 -0.195219853427159 0
0.9375 0.0961242859936055 -0.192863908692987 -0.195219872687124 0
0.9453125 0.0944738709739975 -0.229327549130432 -0.195219895650692 0
0.953125 0.0925410430384426 -0.265107687426602 -0.195219922047059 0
0.9609375 0.0903315633579569 -0.300097539558442 -0.195219951564591 0
0.96875 0.0878520189828419 -0.334192620224483 -0.195219983854369 0
0.9765625 0.0851098036669493 -0.367291051611847 -0.195220018534173 0
0.984375 0.0821130963014068 -0.399293866187148 -0.195220055192878 0
0.9921875 0.0788708370077751 -0.430105302655831 -0.195220093395204 0
1 0.0753927009474094 -0.459633094204854 -0.195220132686787 0
1.0078125 0.0716890699108243 -0.487788748116635 -0.1952201725995 0
1.015625 0.067771001758087 -0.514487815819099 -0.195220212656982 0
1.0234375 0.0636501977886509 -0.539650152419011 -0.195220252380297 0
1.03125 0.05933896812654 -0.563200164754774 -0.195220291293669 0
1.0390625 0.0548501952143575 -0.585067047001732 -0.195220328930214 0
1.046875 0.0501972955171379 -0.605185002868741 -0.195220364837611 0
1.0546875 0.0453941795445335 -0.623493453440252 -0.195220398583621 0
1.0625 0.040455210307134 -0.639937229743978 -0.195220429761409 0
1.0703125 0.0353951603297838 -0.654466749160847 -0.195220457994567 0
1.078125 0.0302291673514958 -0.667038174841471 -0.195220482941798 0
1.0859375 0.0249726888478858 -0.677613557351741 -0.195220504301177 0
1.09375 0.0196414555178748 -0.686160957839023 -0.195220521813942 0
1.1015625 0.0142514238816511 -0.692654552089103 -0.195220535267756 0
1.109375 0.00881872814148258 -0.697074714931739 -0.195220544499381 0
1.1171875 0.00335963146084267 -0.69940808454829 -0.195220549396758 0
1.125 -0.00210952317958446 -0.699647606337112 -0.195220549900418 0
1.1328125 -0.00757236238817471 -0.697792556099828 -0.195220546004246 0
1.140625 -0.0130125318686443 -0.69384854242259 -0.195220537755552 0
1.1484375 -0.0184137458635277 -0.687827488239388 -0.195220525254476 0
1.15625 -0.0237598363723847 -0.67974759167756 -0.195220508652713 0
1.1640625 -0.0290348019834896 -0.669633266397286 -0.19522048815159 0
1.171875 -0.0342228561598423 -0.657515061745215 -0.195220463999523 0
1.1796875 -0.0393084748232585 -0.643429563145908 -0.195220436488883 0
1.1875 -0.0442764430839971 -0.627419273252062 -0.195220405952326 0
1.1953125 -0.049111900967822 -0.609532474464032 -0.19522037275863 0
1.203125 -0.0538003879974976 -0.589823073510066 -0.195220337308108 0
1.2109375 -0.0583278864914168 -0.568350428849787 -0.195220300027648 0
1.21875 -0.0626808634482755 -0.545179161724287 -0.195220261365462 0
1.2265625 -0.0668463108933588 -0.520378951726242 -0.195220221785599 0
1.234375 -0.0708117845689981 -0.494024317802553 -0.195220181762307 0
1.2421875 -0.0745654408590237 -0.466194385630295 -0.195220141774307 0
1.25 -0.0780960718444715 -0.436972642324565 -0.19522010229905 0
1.2578125 -0.081393138395345 -0.406446679444685 -0.19522006380704 0
1.265625 -0.0844468012107946 -0.374707925264049 -0.195220026756265 0
1.2734375 -0.0872479497275958 -0.341851367259561 -0.195219991586825 0
1.28125 -0.0897882288242253 -0.307975265760385 -0.195219958715798 0
1.2890625 -0.0920600632551018 -0.273180859673791 -0.195219928532416 0
1.296875 -0.0940566797566283 -0.237572065179603 -0.195219901393576 0
1.3046875 -0.0957721267735331 -0.201255168255669 -0.195219877619766 0
1.3125 -0.0972012917606231 -0.164338511866078 -0.195219857491414 0
1.3203125 -0.0983399160214405 -0.126932178613192 -0.19521984124571 0
1.328125 -0.0991846070514542 -0.089147669625054 -0.195219829073937 0
1.3359375 -0.099732848359332 -0.0510975804227223 -0.195219821119315 0
1.34375 -0.0999830067455592 -0.0128952744885962 -0.195219817475404 0
1.3515625 -0.0999343370232163 0.0253454447622023 -0.195219818185048 0
1.359375 -0.0995869841711498 0.0635106629191566 -0.195219823239905 0
1.3671875 -0.0989419829151045 0.101486683742244 -0.195219832580533 0
1.375 -0.0980012547376773 0.139160357878297 -0.195219846097061 0
1.3828125 -0.0967676023232561 0.176419410445715 -0.195219863630413 0
1.390625 -0.095244701449463 0.213152766795377 -0.195219884974094 0
1.3984375 -0.0934370903420783 0.249250875740072 -0.195219909876516 0
1.40625 -0.0913501565160243 0.28460602952415 -0.195219938043833 0
1.4140625 -0.0889901211307635 0.319112679780414 -0.195219969143279 0
1.421875 -0.0863640208944554 0.352667748693274 -0.195220002806958 0
1.4296875 -0.0834796875574311 0.385170934557212 -0.195220038636061 0
1.4375 -0.080345725041999 0.416525010888727 -0.195220076205466 0
1.4453125 -0.0769714842622947 0.446636118219671 -0.195220115068672 0
1.453125 -0.0733670356948166 0.475414047671495 -0.195220154763015 0
1.4609375 -0.0695431397674276 0.502772515384962 -0.19522019481511 0
1.46875 -0.0655112151419266 0.528629426859618 -0.195220234746464 0
1.4765625 -0.0612833049727461 0.552907130243216 -0.195220274079183 0
1.484375 -0.0568720412318763 0.575532657604481 -0.195220312341713 0
1.4921875 -0.0522906071976761 0.59643795322428 -0.19522034907455 0
1.5 -0.047552698212747 0.615560087951288 -0.195220383835833 0
1.5078125 -0.0426724808234372 0.6328414586894 -0.195220416206764 0
1.515625 -0.0376645504207251 0.648229972115912 -0.195220445796773 0
1.5234375 -0.0325438875091261 0.661679211772175 -0.195220472248358 0
1.53125 -0.0273258127367849 0.673148587721982 -0.19522049524155 0
1.5390625 -0.0220259408259701 0.682603468037215 -0.195220514497912 0
1.546875 -0.0166601335487034 0.690015291444657 -0.195220529784047 0
1.5546875 -0.0112444518971473 0.695361660551696 -0.195220540914539 0
1.5625 -0.00579510760258312 0.698626415160867 -0.195220547754304 0
1.5703125 -0.00032841416025879 0.699799685282636 -0.195220550220297 0
1.578125 0.00513926247995806 0.698877923561106 -0.195220548282573 0
1.5859375 0.0105915533953835 0.695863916936956 -0.195220541964662 0
1.59375 0.016012136182098 0.690766777484191 -0.195220531343276 0
1.6015625 0.021384784293574 0.683601912470529 -0.195220516547328 0
1.609375 0.02669341606445 0.674390973803772 -0.195220497756301 0
1.6171875 0.0319221432592579 0.663161787136482 -0.195220475197975 0
1.625 0.0370553189884576 0.649948261007217 -0.195220449145552 0
1.6328125 0.0420775848374957 0.63479027649678 -0.195220419914219 0
1.640625 0.0469739170587197 0.617733557971122 -0.195220387857195 0
1.6484375 0.0517296716807944 0.59882952556738 -0.195220353361329 0
1.65625 0.0563306283957101 0.578135130155148 -0.195220316842298 0
1.6640625 0.0607630330894686 0.555712671570532 -0.195220278739474 0
1.671875 0.0650136388889996 0.53162960097545 -0.195220239510536 0
1.6796875 0.06906974560471 0.505958308238583 -0.19522019962589 0
1.6875 0.0729192374552275 0.478775895267513 -0.195220159562973 0
1.6953125 0.0765506189682649 0.450163936243925 -0.195220119800509 0
1.703125 0.0799530489590388 0.420208225726031 -0.195220080812795 0
1.7109375 0.0831163724952341 0.388998515585068 -0.195220043064074 0
1.71875 0.0860311507650555 0.35662824173692 -0.195220007003068 0
1.7265625 0.0886886887723735 0.323194241616602 -0.195219973057733 0
1.734375 0.0910810607903149 0.288796463323772 -0.195219941630288 0
1.7421875 0.0932011335118074 0.253537667342938 -0.195219913092572 0
1.75 0.0950425868425483 0.217523121714019 -0.195219887781778 0
1.7578125 0.096599932288589 0.180860291498745 -0.19521986599661 0
1.765625 0.0978685288972162 0.14365852335756 -0.195219847993893 0
1.7734375 0.0988445967160509 0.106028726021517 -0.195219833985668 0
1.78125 0.0995252277413024 0.0680830474153511 -0.19521982413681 0
1.7890625 0.0999083943319157 0.0299345491627982 -0.195219818563176 0
1.796875 0.0999929550719711 -0.0083031208159394 -0.195219817330308 0
1.8046875 0.0997786580691667 -0.0465160569208462 -0.195219820452701 0
1.8125 0.0992661416825829 -0.0845904250198497 -0.195219827893643 0
1.8203125 0.0984569326782315 -0.122412791449429 -0.195219839565622 0
1.828125 0.0973534418161855 -0.159870451188497 -0.195219855331304 0
1.8359375 0.0959589568784112 -0.196851754518602 -0.195219875005078 0
1.84375 0.0942776331518324 -0.233246431470329 -0.195219898355131 0
1.8515625 0.0923144813866874 -0.268945913337381 -0.195219925106072 0
1.859375 0.0900753532559358 -0.303843650516805 -0.19521995494204 0
1.8671875 0.0875669243473623 -0.337835425907192 -0.1952199875103 0
1.875 0.0847966747261359 -0.370819663067445 -0.195220022425276 0
1.8828125 0.0817728671119334 -0.402697728308057 -0.195220059272984 0
1.890625 0.0785045227213225 -0.433374225856143 -0.195220097615823 0
1.8984375 0.0750013948329312 -0.462757285206076 -0.195220136997672 0
1.90625 0.0712739401399776 -0.490758839740889 -0.195220176949242 0
1.9140625 0.0673332879619798 -0.517294895687108 -0.195220216993615 0
1.921875 0.0631912073948665 -0.542285790448644 -0.195220256651921 0
1.9296875 0.0588600724862198 -0.565656439355199 -0.195220295449071 0
1.9375 0.0543528255299416 -0.58733656985838 -0.195220332919492 0
1.9453125 0.0496829385821826 -0.607260942215497 -0.195220368612775 0
1.953125 0.0448643733078244 -0.625369555717575 -0.19522040209919 0
1.9609375 0.0399115392740955 -0.641607839545103 -0.195220432974965 0
1.96875 0.0348392508149322 -0.655926827372852 -0.195220460867283 0
1.9765625 0.0296626825963946 -0.668283314893804 -0.195220485438924 0
1.984375 0.0243973240197165 -0.678639999491793 -0.195220506392473 0
1.9921875 0.0190589326043354 -0.686965601362393 -0.195220523474062 0
2 0.0136634864984291 -0.693234965461314 -0.19522053647656 0
