0 0.1 0 -0.195219817227549 0
0.00390625 0.0999626401589468 -0.0191246773912136 -0.195219817363763 0
0.0078125 0.0998505884578811 -0.0382351124423552 -0.195219817772007 0
0.01171875 0.0996639283429909 -0.0573170731002604 -0.195219818451079 0
0.015625 0.0994027988242853 -0.0763563478802973 -0.195219819398982 0
0.01953125 0.0990673943751761 -0.0953387561374146 -0.195219820612927 0
0.0234375 0.0986579647919618 -0.114250158321295 -0.195219822089343 0
0.02734375 0.098174815013291 -0.133076466210258 -0.195219823823885 0
0.03125 0.0976183048996942 -0.151803653118513 -0.195219825811446 0
0.03515625 0.0969888489733026 -0.1704177640713 -0.195219828046173 0
0.0390625 0.0962869161178871 -0.188904925942396 -0.195219830521482 0
0.04296875 0.0955130292393776 -0.207251357548373 -0.195219833230079 0
0.046875 0.0946677648870405 -0.225443379693921 -0.195219836163976 0
0.05078125 0.0937517528355189 -0.243467425162441 -0.195219839314519 0
0.0546875 0.0927656756279589 -0.261310048646032 -0.195219842672407 0
0.05859375 0.0917102680804717 -0.278957936608844 -0.195219846227723 0
0.0625 0.0905863167482023 -0.296397917077717 -0.195219849969959 0
0.06640625 0.0893946593533021 -0.313616969353849 -0.19521985388805 0
0.0703125 0.0881361841751254 -0.330602233639155 -0.195219857970399 0
0.07421875 0.0868118294029962 -0.347341020570838 -0.195219862204918 0
0.078125 0.0854225824519157 -0.363820820657579 -0.195219866579057 0
0.08203125 0.0839694792416088 -0.380029313610634 -0.195219871079842 0
0.0859375 0.0824536034393326 -0.395954377562989 -0.195219875693913 0
0.08984375 0.080876085666898 -0.411584098169649 -0.195219880407563 0
0.09375 0.0792381026723823 -0.426906777581983 -0.195219885206778 0
0.09765625 0.0775408764670387 -0.441910943288974 -0.195219890077276 0
0.1015625 0.0757856734279371 -0.456585356818129 -0.195219895004551 0
0.10546875 0.0739738033668971 -0.470919022288701 -0.195219899973917 0
0.109375 0.0721066185663067 -0.484901194809824 -0.195219904970545 0
0.11328125 0.0701855127824454 -0.498521388716082 -0.195219909979517 0
0.1171875 0.0682119202169623 -0.511769385633006 -0.19521991498586 0
0.12109375 0.0661873144571875 -0.524635242364934 -0.195219919974598 0
0.125 0.0641132073859862 -0.537109298597683 -0.195219924930795 0
0.12890625 0.0619911480618931 -0.549182184408448 -0.195219929839598 0
0.1328125 0.0598227215702952 -0.560844827575397 -0.195219934686283 0
0.13671875 0.0576095478464603 -0.572088460679424 -0.195219939456302 0
0.140625 0.0553532804712372 -0.582904627990626 -0.195219944135322 0
0.14453125 0.0530556054402836 -0.593285192132099 -0.195219948709274 0
0.1484375 0.0507182399077052 -0.603222340513777 -0.195219953164393 0
0.15234375 0.0483429309050197 -0.612708591529143 -0.195219957487262 0
0.15625 0.0459314540363838 -0.621736800507763 -0.195219961664849 0
0.16015625 0.0434856121510528 -0.630300165416799 -0.195219965684555 0
0.1640625 0.041007233994065 -0.638392232304769 -0.195219969534245 0
0.16796875 0.0384981728361718 -0.646006900481104 -0.195219973202292 0
0.171875 0.0359603050840564 -0.653138427425203 -0.195219976677608 0
0.17578125 0.0333955288719124 -0.659781433418982 -0.195219979949682 0
0.1796875 0.0308057626354706 -0.665930905897154 -0.195219983008612 0
0.18359375 0.0281929436695908 -0.671582203509764 -0.195219985845136 0
0.1875 0.0255590266705506 -0.676731059891823 -0.19521998845066 0
0.19140625 0.022905982264186 -0.68137358713518 -0.195219990817289 0
0.1953125 0.020235795521057 -0.685506278958136 -0.195219992937845 0
0.19921875 0.0175504644598255 -0.689126013568654 -0.195219994805896 0
0.203125 0.0148519985400519 -0.692230056217368 -0.195219996415773 0
0.20703125 0.0121424171456273 -0.694816061437029 -0.195219997762591 0
0.2109375 0.00942374806007508 -0.696882074965365 -0.19521999884226 0
0.21484375 0.00669802593496043 -0.698426535348783 -0.195219999651501 0
0.21875 0.00396729075266271 -0.699448275224759 -0.195220000187856 0
0.22265625 0.001233586284767 -0.699946522281147 -0.195220000449697 0
0.2265625 -0.00150104145265876 -0.699920899891141 -0.195220000436227 0
0.23046875 -0.00423454574563254 -0.699371427422995 -0.195220000147488 0
0.234375 -0.0069648807294009 -0.698298520224095 -0.195219999584356 0
0.23828125 -0.00969000293488327 -0.696702989279397 -0.195219998748543 0
0.2421875 -0.0124078728331462 -0.694586040544705 -0.195219997642587 0
0.24609375 -0.0151164563766388 -0.691949273955688 -0.195219996269846 0
0.25 -0.017813726535925 -0.688794682113985 -0.195219994634488 0
0.25390625 -0.0204976648306543 -0.68512464865218 -0.195219992741477 0
0.2578125 -0.0231662628535202 -0.680941946279857 -0.195219990596557 0
0.26171875 -0.0258175237859657 -0.676249734513352 -0.195219988206234 0
0.265625 -0.0284494639044057 -0.671051557092237 -0.195219985577756 0
0.26953125 -0.0310601140757488 -0.665351339085976 -0.195219982719088 0
0.2734375 -0.0336475212410149 -0.659153383694556 -0.195219979638892 0
0.27734375 -0.0362097498858625 -0.652462368747288 -0.195219976346492 0
0.28125 -0.0387448834968531 -0.645283342904302 -0.195219972851852 0
0.28515625 -0.0412510260023024 -0.63762172156564 -0.195219969165541 0
0.2890625 -0.0437263031965847 -0.629483282493115 -0.1952199652987 0
0.29296875 -0.0461688641467798 -0.620874161150464 -0.195219961263009 0
0.296875 -0.0485768825805727 -0.611800845767564 -0.195219957070648 0
0.30078125 -0.0509485582543389 -0.602270172134753 -0.195219952734263 0
0.3046875 -0.0532821183003754 -0.592289318133567 -0.195219948266923 0
0.30859375 -0.0555758185522574 -0.581865798010384 -0.195219943682082 0
0.3125 -0.0578279448473315 -0.571007456399692 -0.195219938993535 0
0.31640625 -0.06003681430538 -0.559722462103878 -0.195219934215382 0
0.3203125 -0.0622007765825181 -0.548019301636576 -0.195219929361976 0
0.32421875 -0.0643182150994158 -0.535906772536769 -0.195219924447885 0
0.328125 -0.0663875482429616 -0.52339397646093 -0.195219919487849 0
0.33203125 -0.0684072305405168 -0.510490312060604 -0.195219914496729 0
0.3359375 -0.0703757538059351 -0.497205467652897 -0.195219909489467 0
0.33984375 -0.072291648256555 -0.483549413691383 -0.195219904481043 0
0.34375 -0.074153483600399 -0.469532395044989 -0.195219899486424 0
0.34765625 -0.075959870092844 -0.455164923092422 -0.195219894520523 0
0.3515625 -0.0777094595620586 -0.440457767639708 -0.195219889598156 0
0.35546875 -0.0794009464025292 -0.425421948668391 -0.195219884733993 0
0.359375 -0.0810330685360304 -0.4100687279219 -0.195219879942521 0
0.36328125 -0.0826046083394191 -0.394409600337555 -0.195219875237997 0
0.3671875 -0.0841143935386675 -0.378456285331612 -0.195219870634407 0
0.37109375 -0.0855612980685723 -0.362220717944672 -0.195219866145426 0
0.375 -0.0869442428976103 -0.345715039854701 -0.195219861784377 0
0.37890625 -0.0882621968174371 -0.328951590264816 -0.195219857564195 0
0.3828125 -0.0895141771965541 -0.311942896672865 -0.195219853497386 0
0.38671875 -0.0906992506976939 -0.294701665529757 -0.195219849595992 0
0.390625 -0.0918165339585054 -0.277240772793353 -0.195219845871559 0
0.39453125 -0.092865194235142 -0.259573254384631 -0.195219842335099 0
0.3984375 -0.0938444500083853 -0.241712296552694 -0.195219838997063 0
0.40234375 -0.0947535715519599 -0.223671226155106 -0.195219835867311 0
0.40625 -0.095591881462722 -0.205463500859864 -0.195219832955079 0
0.41015625 -0.0963587551524276 -0.18710269927526 -0.195219830268958 0
0.4140625 -0.09705362130081 -0.168602511013703 -0.195219827816869 0
0.41796875 -0.0976759622697221 -0.149976726695519 -0.195219825606039 0
0.421875 -0.0982253144781187 -0.131239227898582 -0.195219823642979 0
0.42578125 -0.0987012687376798 -0.112403977059578 -0.195219821933472 0
0.4296875 -0.0991034705488967 -0.0934850073325732 -0.195219820482548 0
0.43359375 -0.0994316203574655 -0.0744964124104899 -0.195219819294479 0
0.4375 -0.0996854737708537 -0.0554523363150043 -0.19521981837276 0
0.44140625 -0.0998648417349265 -0.0363669631603298 -0.195219817720102 0
0.4453125 -0.0999695906705437 -0.0172545068962726 -0.195219817338425 0
0.44921875 -0.0999996425700536 0.00187079896408449 -0.195219817228852 0
0.453125 -0.0999549750536368 0.0209947116267575 -0.195219817391704 0
0.45703125 -0.0998356213854696 0.0401029893040019 -0.195219817826503 0
0.4609375 -0.0996416704496993 0.0591814015009359 -0.195219818531971 0
0.46484375 -0.0993732666862435 0.0782157392963659 -0.195219819506031 0
0.46875 -0.0990306099864464 0.0971918256125142 -0.195219820745818 0
0.47265625 -0.0986139555486457 0.116095525468331 -0.195219822247685 0
0.4765625 -0.0981236136937251 0.13491275621103 -0.195219824007212 0
0.48046875 -0.0975599496407471 0.153629497720442 -0.195219826019218 0
0.484375 -0.0969233832427841 0.172231802580722 -0.195219828277778 0
0.48828125 -0.0962143886830852 0.190705806213869 -0.195219830776239 0
0.4921875 -0.0954334941317383 0.209037736969456 -0.195219833507235 0
0.49609375 -0.0945812813630113 0.227213926164853 -0.195219836462715 0
0.5 -0.0936583853335754 0.245220818070159 -0.195219839633958 0
0.50390625 -0.0926654937218382 0.26304497983193 -0.195219843011604 0
0.5078125 -0.0916033464286384 0.280673111329698 -0.195219846585675 0
0.51171875 -0.0904727350395749 0.298092054959162 -0.195219850345609 0
0.515625 -0.08927450224927 0.31528880533579 -0.195219854280285 0
0.51953125 -0.0880095412478891 0.332250518912493 -0.19521985837806 0
0.5234375 -0.0866787950702661 0.348964523504863 -0.195219862626795 0
0.52734375 -0.0852832559080073 0.365418327717386 -0.1952198670139 0
0.53125 -0.083823964384974 0.381599630263886 -0.195219871526361 0
0.53515625 -0.0823020087965707 0.397496329175372 -0.195219876150782 0
0.5390625 -0.0807185243132914 0.413096530888314 -0.195219880873424 0
0.54296875 -0.0790746921490058 0.428388559206291 -0.195219885680245 0
0.546875 -0.0773717386944923 0.443360964127833 -0.19521989055694 0
0.55078125 -0.0756109346167571 0.458002530533216 -0.195219895488982 0
0.5546875 -0.0737935939247015 0.472302286722837 -0.19521990046167 0
0.55859375 -0.0719210730017349 0.486249512799782 -0.195219905460166 0
0.5625 -0.0699947696059533 0.499833748889093 -0.195219910469541 0
0.56640625 -0.0680161218385389 0.513044803186224 -0.195219915474822 0
0.5703125 -0.0659866070810609 0.525872759827121 -0.195219920461036 0
0.57421875 -0.0639077409023895 0.538307986572371 -0.195219925413251 0
0.578125 -0.0617810759359642 0.550341142297849 -0.195219930316625 0
0.58203125 -0.0596082007281875 0.561963184284305 -0.195219935156451 0
0.5859375 -0.0573907385587431 0.573165375298398 -0.195219939918197 0
0.58984375 -0.0551303462336688 0.583939290457711 -0.195219944587557 0
0.59375 -0.0528287128520422 0.594276823872379 -0.195219949150488 0
0.59765625 -0.0504875585471658 0.604170195056049 -0.195219953593258 0
0.6015625 -0.0481086332031669 0.613611955099009 -0.195219957902485 0
0.60546875 -0.0456937151479548 0.622594992596483 -0.195219962065179 0
0.609375 -0.0432446098235068 0.631112539325212 -0.195219966068783 0
0.61328125 -0.0407631484344766 0.639158175661669 -0.195219969901212 0
0.6171875 -0.0382511865761501 0.646725835735417 -0.195219973550887 0
0.62109375 -0.0357106028427937 0.653809812311393 -0.195219977006778 0
0.625 -0.0331432974174673 0.660404761395091 -0.195219980258432 0
0.62890625 -0.0305511906443945 0.666505706554936 -0.195219983296006 0
0.6328125 -0.0279362215850069 0.672108042956395 -0.195219986110305 0
0.63671875 -0.0253003465587977 0.677207541102695 -0.1952199886928 0
0.640625 -0.0226455376701421 0.681800350277323 -0.195219991035665 0
0.64453125 -0.0199737813222561 0.685883001683851 -0.195219993131795 0
0.6484375 -0.017287076719487 0.689452411278962 -0.195219994974832 0
0.65234375 -0.0145874343591392 0.692505882294939 -0.195219996559183 0
0.65625 -0.0118768745140578 0.695041107448264 -0.195219997880039 0
0.66015625 -0.00915742570719965 0.697056170831373 -0.195219998933389 0
0.6640625 -0.00643112317943765 0.698549549485024 -0.195219999716034 0
0.66796875 -0.0037000073518479 0.699520114649144 -0.195220000225598 0
0.671875 -0.000966122283741215 0.699967132690478 -0.195220000460532 0
0.67578125 0.00176848587229646 0.699890265705762 -0.195220000420123 0
0.6796875 0.00450177041708505 0.699289571799605 -0.195220000104494 0
0.68359375 0.00723168565198088 0.698165505036703 -0.195219999514602 0
0.6875 0.0099561884251843 0.696518915068449 -0.195219998652242 0
0.69140625 0.0126732396759531 0.69435104643444 -0.19521999752003 0
0.6953125 0.0153808059754534 0.691663537539852 -0.195219996121406 0
0.69921875 0.0180768610629832 0.688458419310046 -0.195219994460616 0
0.703125 0.0207593873763131 0.684738113524248 -0.1952199925427 0
0.70703125 0.0234263775748914 0.68050543083054 -0.195219990373478 0
0.7109375 0.0260758360546767 0.675763568444835 -0.19521998795953 0
0.71484375 0.0287057804533667 0.670516107536898 -0.195219985308174 0
0.71875 0.0313142431448087 0.664767010306896 -0.195219982427446 0
0.72265625 0.0338992727213893 0.658520616756317 -0.195219979326071 0
0.7265625 0.0364589354632174 0.65178164115748 -0.195219976013441 0
0.73046875 0.0389913167929321 0.644555168226223 -0.195219972499578 0
0.734375 0.0414945227149848 0.636846649002654 -0.195219968795109 0
0.73828125 0.0439666812382654 0.628661896445216 -0.195219964911229 0
0.7421875 0.046405943780963 0.620007080743591 -0.195219960859669 0
0.74609375 0.0488104865565747 0.610888724356243 -0.195219956652657 0
0.75 0.0511785119399962 0.601313696778684 -0.19521995230288 0
0.75390625 0.0535082498126581 0.591289209048766 -0.195219947823447 0
0.7578125 0.0557979588856897 0.580822807995543 -0.195219943227849 0
0.76171875 0.0580459280001233 0.569922370238413 -0.195219938529912 0
0.765625 0.0602504774031773 0.558596095943473 -0.195219933743761 0
0.76953125 0.0624099599996817 0.546852502344121 -0.195219928883773 0
0.7734375 0.0645227625777407 0.534700417033125 -0.195219923964536 0
0.77734375 0.066587307007753 0.522148971033455 -0.195219919000802 0
0.78125 0.0686020514139396 0.509207591655274 -0.195219914007443 0
0.78515625 0.0705654913175598 0.495885995146575 -0.195219908999407 0
0.7890625 0.0724761607510222 0.482194179144975 -0.195219903991673 0
0.79296875 0.0743326333421299 0.468142414938219 -0.195219898999206 0
0.796875 0.0761335233677271 0.45374123954098 -0.195219894036912 0
0.80078125 0.0778774867760438 0.439001447595496 -0.195219889119592 0
0.8046875 0.0795632221770669 0.423934083103612 -0.195219884261904 0
0.80859375 0.0811894718002908 0.408550430997719 -0.195219879478311 0
0.8125 0.0827550224192365 0.392862008558065 -0.195219874783047 0
0.81640625 0.0842587062421507 0.376880556683812 -0.195219870190069 0
0.8203125 0.0856994017683288 0.360618031025186 -0.195219865713019 0
0.82421875 0.0870760346095349 0.344086592983933 -0.195219861365184 0
0.828125 0.0883875782760158 0.327298600589226 -0.195219857159459 0
0.83203125 0.0896330549266383 0.310266599256072 -0.195219853108305 0
0.8359375 0.0908115360827039 0.293003312433118 -0.195219849223719 0
0.83984375 0.091922143305022 0.275521632146695 -0.195219845517194 0
0.84375 0.0929640488338499 0.257834609447774 -0.19521984199969 0
0.84765625 0.0939364761913327 0.239955444768415 -0.195219838681601 0
0.8515625 0.0948387007461032 0.221897478194155 -0.195219835572727 0
0.85546875 0.0956700502397246 0.203674179658659 -0.195219832682242 0
0.859375 0.0964299052746865 0.185299139066851 -0.195219830018673 0
0.86328125 0.0971176997636844 0.166786056352606 -0.195219827589874 0
0.8671875 0.0977329213399412 0.148148731476993 -0.195219825403002 0
0.87109375 0.0982751117283484 0.129401054372922 -0.1952198234645 0
0.875 0.0987438670772296 0.110556994841982 -0.195219821780074 0
0.87890625 0.0991388382505514 0.0916305924091371 -0.195219820354684 0
0.8828125 0.099459731080426 0.0726359461408686 -0.195219819192525 0
0.88671875 0.0997063065797769 0.0535872044322822 -0.195219818297016 0
0.890625 0.0998783811150532 0.0344985547686245 -0.195219817670791 0
0.89453125 0.0999758265389068 0.0153842134666007 -0.195219817315691 0
0.8984375 0.099998570282761 -0.00374158459916022 -0.195219817232762 0
0.90234375 0.0999465954092258 -0.0228645962791798 -0.195219817422248 0
0.90625 0.0998199406243299 -0.0419705804364532 -0.19521981788359 0
0.91015625 0.099618700249566 -0.0610453082327389 -0.195219818615432 0
0.9140625 0.0993430241537617 -0.080074573408532 -0.195219819615622 0
0.91796875 0.0989931176448119 -0.0990442025514224 -0.195219820881217 0
0.921875 0.0985692413213287 -0.117940065347514 -0.195219822408493 0
0.92578125 0.0980717108842844 -0.136748084810539 -0.195219824192955 0
0.9296875 0.0975008969087463 -0.155454247483266 -0.19521982622935 0
0.93359375 0.0968572245758214 -0.174044613605708 -0.195219828511679 0
0.9375 0.0961411733649517 -0.19250532724462 -0.19521983103322 0
0.94140625 0.0953532767067228 -0.21082262637863 -0.195219833786539 0
0.9453125 0.0944941215963687 -0.228982852933316 -0.195219836763518 0
0.94921875 0.0935643481681813 -0.246972462760414 -0.195219839955373 0
0.953125 0.092564649231053 -0.264778035555237 -0.19521984335268 0
0.95703125 0.091495769765406 -0.282386284706297 -0.195219846945406 0
0.9609375 0.090358506381785 -0.299784067070984 -0.19521985072293 0
0.96484375 0.0891537067414139 -0.316958392671055 -0.195219854674081 0
0.96875 0.0878822689390424 -0.333896434301544 -0.195219858787164 0
0.97265625 0.0865451408484331 -0.350585537046615 -0.195219863049997 0
0.9765625 0.0851433194308657 -0.367013227695729 -0.195219867449943 0
0.98046875 0.0836778500070602 -0.383167224053373 -0.195219871973951 0
0.984375 0.0821498254929487 -0.399035444135529 -0.19521987660859 0
0.98828125 0.0805603855997514 -0.414606015245869 -0.19521988134009 0
0.9921875 0.0789107159988404 -0.429867282924639 -0.19521988615438 0
0.99609375 0.0772020474519027 -0.44480781976303 -0.195219891037133 0
1 0.0754356549069417 -0.459416434075771 -0.195219895973802 0
1.00390625 0.0736128565606857 -0.473682178424605 -0.195219900949671 0
1.0078125 0.0717350128879995 -0.487594357985206 -0.19521990594989 0
1.01171875 0.0698035256389263 -0.501142538750078 -0.195219910959526 0
1.015625 0.0678198368040145 -0.514316555559892 -0.195219915963603 0
1.01953125 0.0657854275486147 -0.52710651995572 -0.195219920947149 0
1.0234375 0.0637018171168605 -0.539502827844587 -0.195219925895239 0
1.02734375 0.0615705617060788 -0.551496166970788 -0.195219930793044 0
1.03125 0.0593932533124012 -0.563077524185404 -0.195219935625871 0
1.03515625 0.0571715185483804 -0.57423819250654 -0.195219940379208 0
1.0390625 0.0549070174334439 -0.584969777962809 -0.195219945038773 0
1.04296875 0.0526014421580459 -0.595264206212722 -0.195219949590552 0
1.046875 0.050256515822407 -0.605113728932698 -0.195219954020845 0
1.05078125 0.0478739911507592 -0.614510929966554 -0.195219958316306 0
1.0546875 0.0454556491820433 -0.623448731229479 -0.195219962463986 0
1.05859375 0.0430032979380289 -0.631920398359635 -0.195219966451373 0
1.0625 0.0405187710698586 -0.639919546110751 -0.195219970266429 0
1.06640625 0.0380039264840387 -0.64744014347924 -0.195219973897629 0
1.0703125 0.0354606449489271 -0.654476518559632 -0.195219977333995 0
1.07421875 0.0328908286827915 -0.661023363122357 -0.195219980565133 0
1.078125 0.0302963999245336 -0.667075736908147 -0.195219983581265 0
1.08203125 0.0276792994881966 -0.672629071633684 -0.195219986373256 0
1.0859375 0.0250414853023955 -0.677679174703344 -0.195219988932647 0
1.08984375 0.0223849309358268 -0.682222232622296 -0.195219991251681 0
1.09375 0.0197116241100338 -0.686254814106486 -0.195219993323324 0
1.09765625 0.0170235652006198 -0.689773872885453 -0.195219995141294 0
1.1015625 0.0143227657281162 -0.692776750194258 -0.195219996700072 0
1.10546875 0.0116112468397272 -0.695261176951216 -0.195219997994927 0
1.109375 0.00889103778318483 -0.697225275618516 -0.195219999021927 0
1.11328125 0.00616417437395754 -0.698667561743229 -0.195219999777954 0
1.1171875 0.00343269745706585 -0.699586945176616 -0.195220000260711 0
1.12109375 0.000698651364765228 -0.69998273097008 -0.195220000468732 0
1.125 -0.0020359176286379 -0.699854619946557 -0.195220000401385 0
1.12890625 -0.00476896285356725 -0.699202708946555 -0.195220000058875 0
1.1328125 -0.00749843879228286 -0.698027490748509 -0.195219999442241 0
1.13671875 -0.01022230262504 -0.696329853663561 -0.195219998553358 0
1.140625 -0.0129385157740294 -0.694111080805322 -0.195219997394924 0
1.14453125 -0.0156450454438316 -0.691372849035602 -0.195219995970457 0
1.1484375 -0.0183398661571201 -0.68811722758754 -0.195219994284283 0
1.15234375 -0.0210209612843592 -0.684346676368011 -0.195219992341518 0
1.15625 -0.0236863245662452 -0.680064043941581 -0.195219990148057 0
1.16015625 -0.0263339616276528 -0.67527256519873 -0.195219987710553 0
1.1640625 -0.0289618914818602 -0.669975858711446 -0.195219985036397 0
1.16796875 -0.031568148023836 -0.664177923779704 -0.195219982133691 0
1.171875 -0.0341507815113892 -0.65788313717271 -0.19521997901123 0
1.17578125 -0.0367078600329978 -0.651096249569182 -0.195219975678465 0
1.1796875 -0.0392374709611484 -0.643822381701246 -0.19521997214548 0
1.18359375 -0.0417377223900388 -0.636067020206924 -0.19521996842296 0
1.1875 -0.044206744556515 -0.627836013196447 -0.195219964522154 0
1.19140625 -0.046642691243136 -0.619135565537961 -0.195219960454842 0
1.1953125 -0.0490437411622803 -0.609972233868464 -0.195219956233299 0
1.19921875 -0.0514080993202334 -0.600352921336068 -0.195219951870256 0
1.203125 -0.0537339983602183 -0.590284872079919 -0.19521994737886 0
1.20703125 -0.0560196998833577 -0.579775665454331 -0.195219942772637 0
1.2109375 -0.0582634957465803 -0.56883321000388 -0.195219938065444 0
1.21484375 -0.060463709336513 -0.557465737196377 -0.195219933271433 0
1.21875 -0.062618696818427 -0.545681794920807 -0.195219928405004 0
1.22265625 -0.0647268483593318 -0.533490240757432 -0.195219923480762 0
1.2265625 -0.0667865893243444 -0.520900235027373 -0.195219918513472 0
1.23046875 -0.0687963814454832 -0.507921233629099 -0.195219913518017 0
1.234375 -0.0707547239620717 -0.494562980669274 -0.195219908509349 0
1.23828125 -0.0726601547319619 -0.480835500895507 -0.195219903502449 0
1.2421875 -0.0745112513128179 -0.466749091938563 -0.195219898512277 0
1.24609375 -0.0763066320127319 -0.452314316371587 -0.195219893553731 0
1.25 -0.0780449569094709 -0.437541993593928 -0.1952198886416 0
1.25390625 -0.0797249288376845 -0.422443191547088 -0.195219883790524 0
1.2578125 -0.0813452943434325 -0.407029218270308 -0.195219879014947 0
1.26171875 -0.0829048446054213 -0.391311613303247 -0.195219874329076 0
1.265625 -0.0844024163223642 -0.375302138943138 -0.19521986974684 0
1.26953125 -0.0858368925659145 -0.359012771363728 -0.195219865281848 0
1.2734375 -0.0872072035986433 -0.342455691603247 -0.195219860947351 0
1.27734375 -0.0885123276565649 -0.325643276428515 -0.195219856756202 0
1.28125 -0.0897512916957411 -0.308588089082219 -0.195219852720818 0
1.28515625 -0.0909231721025198 -0.291302869920277 -0.195219848853149 0
1.2890625 -0.0920270953669932 -0.273800526946095 -0.195219845164637 0
1.29296875 -0.0930622387192861 -0.256094126248377 -0.195219841666189 0
1.296875 -0.0940278307283087 -0.238196882349073 -0.195219838368141 0
1.30078125 -0.0949231518626382 -0.220122148467884 -0.195219835280232 0
1.3046875 -0.095747535013214 -0.20188340670965 -0.195219832411577 0
1.30859375 -0.0965003659775574 -0.183494258180807 -0.195219829770635 0
1.3125 -0.0971810839052516 -0.164968413041011 -0.195219827365195 0
1.31640625 -0.0977891817044403 -0.14631968049587 -0.195219825202343 0
1.3203125 -0.0983242064091256 -0.127561958736673 -0.195219823288451 0
1.32421875 -0.0987857595070705 -0.108709224832854 -0.195219821629155 0
1.328125 -0.0991734972281322 -0.0897755245828606 -0.195219820229339 0
1.33203125 -0.0994871307928741 -0.0707749623290285 -0.195219819093123 0
1.3359375 -0.0997264266213278 -0.0517216907419399 -0.195219818223848 0
1.33984375 -0.0998912065017955 -0.0326299005797295 -0.195219817624073 0
1.34375 -0.0999813477196069 -0.0135138104277139 -0.195219817295562 0
1.34765625 -0.0999967831457621 0.00561234357631019 -0.195219817239279 0
1.3515625 -0.099937501285417 0.0247343180257891 -0.195219817455392 0
1.35546875 -0.0998035462861856 0.0438378725328671 -0.195219817943265 0
1.359375 -0.099595017906254 0.0629087800142916 -0.195219818701461 0
1.36328125 -0.0993120714423239 0.0819328369704846 -0.195219819727753 0
1.3671875 -0.0989549176174221 0.100895873752479 -0.195219821019119 0
1.37109375 -0.0985238224286327 0.119783764811395 -0.195219822571761 0
1.375 -0.0980191069548331 0.138582438925083 -0.195219824381109 0
1.37890625 -0.0974411471245305 0.157277889396524 -0.195219826441834 0
1.3828125 -0.0967903734439227 0.175856184218504 -0.19521982874787 0
1.38671875 -0.0960672706853234 0.194303476199017 -0.19521983129242 0
1.390625 -0.0952723775361179 0.212606013041752 -0.195219834067984 0
1.39453125 -0.0944062862084347 0.230750147375968 -0.195219837066377 0
1.3984375 -0.0934696420097431 0.248722346729919 -0.195219840278753 0
1.40234375 -0.0924631428746072 0.266509203441907 -0.195219843695627 0
1.40625 -0.0913875388578532 0.284097444502949 -0.195219847306905 0
1.41015625 -0.0902436315894279 0.301473941324888 -0.195219851101914 0
1.4140625 -0.0890322736912525 0.318625719427694 -0.195219855069427 0
1.41796875 -0.0877543681563991 0.335539968039568 -0.195219859197702 0
1.421875 -0.0864108676909434 0.352204049603333 -0.19521986347451 0
1.42578125 -0.085002774018873 0.368605509182489 -0.195219867887173 0
1.4296875 -0.0835311371504552 0.384732083760176 -0.1952198724226 0
1.43359375 -0.0819970546144966 0.400571711424177 -0.195219877067326 0
1.4375 -0.0804016706549538 0.416112540430987 -0.195219881807548 0
1.44140625 -0.0787461753923796 0.431342938141849 -0.195219886629171 0
1.4453125 -0.0770318039507206 0.446251499823585 -0.195219891517842 0
1.44921875 -0.0752598355500078 0.460827057306928 -0.195219896458997 0
1.453125 -0.0734315925655102 0.475058687495013 -0.195219901437904 0
1.45703125 -0.071548439553953 0.488935720714584 -0.195219906439705 0
1.4609375 -0.0696117822474275 0.502447748902443 -0.195219911449458 0
1.46484375 -0.0676230665156527 0.515584633619606 -0.195219916452187 0
1.46875 -0.0655837772972744 0.528336513885609 -0.195219921432922 0
1.47265625 -0.0634954375009213 0.540693813825398 -0.195219926376747 0
1.4765625 -0.0613596068767634 0.552647250121237 -0.195219931268842 0
1.48046875 -0.0591778808593492 0.564187839262089 -0.19521993609453 0
1.484375 -0.0569518893825284 0.575306904582976 -0.195219940839322 0
1.48828125 -0.0546832956672947 0.585996083086876 -0.195219945488959 0
1.4921875 -0.0523737949834121 0.596247332041792 -0.195219950029454 0
1.49609375 -0.0500251133857182 0.606052935345749 -0.195219954447142 0
1.5 -0.0476390064260235 0.615405509652582 -0.195219958728713 0
1.50390625 -0.0452172578415574 0.624298010251514 -0.19521996286126 0
1.5078125 -0.0427616782209335 0.632723736693726 -0.195219966832314 0
1.51171875 -0.0402741036486376 0.640676338159255 -0.195219970629887 0
1.515625 -0.0377563943290643 0.648149818557817 -0.195219974242505 0
1.51953125 -0.0352104331911547 0.655138541357338 -0.195219977659248 0
1.5234375 -0.0326381244747101 0.661637234134266 -0.195219980869778 0
1.52734375 -0.0300413922994807 0.667640992839971 -0.195219983864378 0
1.53125 -0.0274221792181478 0.673145285777856 -0.195219986633981 0
1.53515625 -0.0247824447543412 0.678145957286106 -0.195219989170194 0
1.5390625 -0.0221241639268501 0.682639231121325 -0.195219991465329 0
1.54296875 -0.0194493257612059 0.68662171353865 -0.195219993512426 0
1.546875 -0.0167599317898294 0.690090396064319 -0.195219995305275 0
1.55078125 -0.0140579945419534 0.693042657957006 -0.195219996838435 0
1.5546875 -0.0113455360245403 0.695476268354659 -0.195219998107251 0
1.55859375 -0.00862458619543261 0.697389388103967 -0.195219999107872 0
1.5625 -0.00589718142997809 0.69878057126998 -0.195219999837259 0
1.56640625 -0.00316536298238589 0.699648766323863 -0.195220000293196 0
1.5703125 -0.000431175443072916 0.699993317007144 -0.195220000474298 0
1.57421875 0.00230333480673242 0.699813962871315 -0.195220000380015 0
1.578125 0.00503612114185923 0.69911083949202 -0.195220000010633 0
1.58203125 0.00776513824026383 0.697884478357554 -0.195219999367275 0
1.5859375 0.0104883436290276 0.696135806431826 -0.195219998451895 0
1.58984375 0.0132036992280125 0.69386614539237 -0.195219997267272 0
1.59375 0.0159091728899055 0.691077210544457 -0.195219995817004 0
1.59765625 0.018602739935391 0.687771109412763 -0.195219994105494 0
1.6015625 0.0212823846821927 0.683950340012523 -0.195219992137936 0
1.60546875 0.0239461019667389 0.679617788802477 -0.1952199899203 0
1.609375 0.0265918986572121 0.674776728322372 -0.195219987459312 0
1.61328125 0.0292177951567574 0.669430814518159 -0.195219984762432 0
1.6171875 0.0318218268956352 0.663584083758442 -0.195219981837834 0
1.62109375 0.0344020458111202 0.657240949546091 -0.195219978694375 0
1.625 0.036956521813964 0.650406198929322 -0.195219975341572 0
1.62890625 0.0394833442402556 0.643084988616874 -0.195219971789569 0
1.6328125 0.0419806232875334 0.635282840802261 -0.195219968049106 0
1.63671875 0.0444464914340232 0.627005638702396 -0.195219964131486 0
1.640625 0.0468791048398958 0.618259621816156 -0.195219960048539 0
1.64453125 0.049276644729462 0.60905138090877 -0.195219955812587 0
1.6484375 0.0516373187532456 0.599387852728136 -0.195219951436403 0
1.65234375 0.0539593623289005 0.589276314459433 -0.195219946933174 0
1.65625 0.0562410399599599 0.578724377924592 -0.195219942316459 0
1.66015625 0.0584806465314364 0.567739983533404 -0.195219937600146 0
1.6640625 0.0606765085813147 0.55633139399319 -0.195219932798413 0
1.66796875 0.0628269855470082 0.544507187784132 -0.195219927925681 0
1.671875 0.0649304709858782 0.532276252407486 -0.195219922996575 0
1.67578125 0.0669853937689417 0.519647777413991 -0.195219918025872 0
1.6796875 0.068990219246925 0.506631247219915 -0.195219913028464 0
1.68359375 0.0709434503878472 0.493236433718194 -0.195219908019309 0
1.6875 0.0728436288853484 0.479473388692211 -0.195219903013385 0
1.69140625 0.0746893362370051 0.465352436039773 -0.195219898025651 0
1.6953125 0.0764791947919091 0.450884163814851 -0.195219893070993 0
1.69921875 0.0782118687668087 0.436079416094646 -0.195219888164191 0
1.703125 0.0798860652301485 0.420949284679526 -0.195219883319866 0
1.70703125 0.0815005350533675 0.405505100633331 -0.19521987855244 0
1.7109375 0.0830540738288464 0.389758425671486 -0.195219873876096 0
1.71484375 0.0845455227539259 0.373721043404323 -0.195219869304733 0
1.71875 0.0859737694804427 0.357404950442894 -0.195219864851926 0
1.72265625 0.0873377489292611 0.340822347374509 -0.19521986053089 0
1.7265625 0.088636444069306 0.323985629615106 -0.195219856354435 0
1.73046875 0.0898688866606291 0.306907378145481 -0.195219852334936 0
1.734375 0.0910341579610676 0.289600350138265 -0.195219848484294 0
1.73828125 0.0921313893960843 0.272077469482451 -0.1952198448139 0
1.7421875 0.0931597631913993 0.254351817212137 -0.195219841334606 0
1.74609375 0.0941185129680541 0.23643662184602 -0.195219838056691 0
1.75 0.0950069242995713 0.218345249644089 -0.195219834989836 0
1.75390625 0.0958243352308985 0.200091194787797 -0.19521983214309 0
1.7578125 0.096570136758851 0.181688069489921 -0.195219829524851 0
1.76171875 0.0972437732737886 0.163149594040151 -0.195219827142836 0
1.765625 0.0978447429622896 0.144489586792392 -0.195219825004065 0
1.76953125 0.0983725981706041 0.125721954099611 -0.195219823114839 0
1.7734375 0.0988269457286928 0.106860680201986 -0.195219821480719 0
1.77734375 0.0992074472346821 0.0879198170740116 -0.195219820106516 0
1.78125 0.0995138192995836 0.0689134742361412 -0.195219818996274 0
1.78515625 0.099745833752152 0.049855808536461 -0.195219818153259 0
1.7890625 0.0999033178037747 0.0307610139078322 -0.195219817579952 0
1.79296875 0.0999861541733069 0.0116433111058845 -0.195219817278037 0
1.796875 0.0999942811717894 -0.00748306256680264 -0.195219817248403 0
1.80078125 0.0999276927470038 -0.0266038635450207 -0.195219817491137 0
1.8046875 0.0997864384878439 -0.0457048522884688 -0.195219818005526 0
1.80859375 0.0995706235885001 -0.0647718035672236 -0.195219818790056 0
1.8125 0.099280408772475 -0.0837905167398583 -0.19521981984242 0
1.81640625 0.09891601017647 -0.102746826018907 -0.195219821159522 0
1.8203125 0.0984776991942023 -0.121626610718343 -0.195219822737486 0
1.82421875 0.0979658022802329 -0.140415805477703 -0.195219824571668 0
1.828125 0.0973807007139078 -0.15910041045743 -0.195219826656667 0
1.83203125 0.0967228303235343 -0.177666501499952 -0.195219828986342 0
1.8359375 0.0959926811709394 -0.196100240250941 -0.19521983155383 0
1.83984375 0.0951907971965738 -0.214387884235106 -0.195219834351561 0
1.84375 0.0943177758253526 -0.232515796880803 -0.195219837371284 0
1.84765625 0.0933742675334425 -0.250470457487624 -0.19521984060409 0
1.8515625 0.0923609753762305 -0.268238471131027 -0.195219844040433 0
1.85546875 0.0912786544777314 -0.285806578497986 -0.195219847670162 0
1.859375 0.090128111481715 -0.303161665647476 -0.195219851482547 0
1.86328125 0.0889102039648604 -0.320290773689529 -0.195219855466311 0
1.8671875 0.0876258398122656 -0.337181108376459 -0.195219859609661 0
1.87109375 0.0862759765556694 -0.353820049599738 -0.195219863900323 0
1.875 0.0848616206747676 -0.370195160785873 -0.195219868325577 0
1.87890625 0.0833838268620297 -0.386294198184528 -0.195219872872295 0
1.8828125 0.081843697251451 -0.40210512004201 -0.195219877526975 0
1.88671875 0.0802423806117015 -0.417616095653127 -0.195219882275786 0
1.890625 0.078581071504161 -0.432815514284321 -0.195219887104603 0
1.89453125 0.0768610094063553 -0.44769199396088 -0.195219891999053 0
1.8984375 0.0750834778013416 -0.462234390110946 -0.195219896944553 0
1.90234375 0.0732498032336135 -0.476431804058943 -0.195219901926357 0
1.90625 0.0713613543321311 -0.490273591361009 -0.195219906929595 0
1.91015625 0.0694195408011056 -0.50374936997492 -0.195219911939322 0
1.9140625 0.067425812379202 -0.516849028256989 -0.19521991694056 0
1.91796875 0.0653816577678479 -0.529562732778378 -0.195219921918342 0
1.921875 0.0632886035293709 -0.541880935953248 -0.195219926857759 0
1.92578125 0.0611482129557132 -0.553794383471192 -0.195219931744004 0
1.9296875 0.0589620849085023 -0.565294121526402 -0.195219936562416 0
1.93359375 0.0567318526312881 -0.576371503836088 -0.195219941298526 0
1.9375 0.0544591825347828 -0.587018198440708 -0.195219945938099 0
1.94140625 0.0521457729559701 -0.597226194278655 -0.195219950467181 0
1.9453125 0.0497933528919808 -0.60698780752817 -0.195219954872136 0
1.94921875 0.0474036807096563 -0.616295687709356 -0.195219959139694 0
1.953125 0.0449785428317515 -0.625142823539308 -0.195219963256988 0
1.95703125 0.0425197524007554 -0.633522548533568 -0.195219967211595 0
1.9609375 0.040029147921333 -0.641428546347289 -0.195219970991576 0
1.96484375 0.0375085918824173 -0.648854855849683 -0.195219974585508 0
1.96875 0.0349599693600073 -0.65579587592561 -0.195219977982527 0
1.97265625 0.0323851866017484 -0.662246369998356 -0.195219981172356 0
1.9765625 0.0297861695943952 -0.668201470267978 -0.195219984145339 0
1.98046875 0.0271648626152798 -0.673656681659837 -0.195219986892473 0
1.984375 0.0245232267689277 -0.678607885478302 -0.195219989405434 0
1.98828125 0.0218632385099806 -0.683051342760878 -0.195219991676603 0
1.9921875 0.0191868881536083 -0.686983697328423 -0.195219993699095 0
1.99609375 0.0164961783746023 -0.690401978527422 -0.195219995466771 0
2 0.0137931226963628 -0.693303603660702 -0.195219996974268 0
