0 0.1 0 -0.195219817227549 0
0.03125 0.0976089701725943 -0.151202346642722 -0.195220368703397 0
0.0625 0.0905498533348299 -0.295194915689967 -0.195221920393633 0
0.09375 0.0791592879419714 -0.425102925698493 -0.195224182410576 0
0.125 0.0639809204786741 -0.534709688146215 -0.195226730012398 0
0.15625 0.045739932432833 -0.618754765371328 -0.195229081787396 0
0.1875 0.0253087476429661 -0.673192625003043 -0.195230790474686 0
0.21875 0.00366539337014277 -0.695396510827664 -0.195231529402784 0
0.25 -0.0181535342837629 -0.684293466950138 -0.195231156855839 0
0.28125 -0.0391029483142409 -0.640420141647522 -0.195229744316625 0
0.3125 -0.058179793136733 -0.565894827978117 -0.195227562196459 0
0.34375 -0.0744713750628732 -0.464308036206335 -0.195225026297313 0
0.375 -0.0871990453996289 -0.340540217310245 -0.195222616873417 0
0.40625 -0.0957551386447635 -0.200519744365189 -0.195220787268843 0
0.4375 -0.0997315294224532 -0.050936282761988 -0.195219879800439 0
0.46875 -0.0989386563173877 0.101075494179293 -0.19522006363435 0
0.5 -0.0934143110362474 0.24826828290883 -0.195221304534347 0
0.53125 -0.0834218886355858 0.383618443193631 -0.195223370960113 0
0.5625 -0.0694381583366454 0.500654452044835 -0.195225875630858 0
0.59375 -0.0521309853827836 0.593764953456668 -0.195228346283232 0
0.625 -0.0323278487456037 0.658472322372565 -0.195230314020043 0
0.65625 -0.0109764652344983 0.69165653498948 -0.195231403232276 0
0.6875 0.0109006846912388 0.691714610196856 -0.195231405186193 0
0.71875 0.0322556979028052 0.658643740816036 -0.195230319506825 0
0.75 0.0520659184922411 0.594041439939105 -0.195228354252871 0
0.78125 0.0693832878989992 0.501022690321927 -0.195225884565935 0
0.8125 0.0833798366373616 0.384060750146958 -0.195223379170317 0
0.84375 0.0933870847831841 0.248763482174762 -0.195221310476712 0
0.875 0.0989275542732842 0.101599935935511 -0.195220066198237 0
0.90625 0.0997370807791535 -0.0504076073881903 -0.195219878508243 0
0.9375 0.0957770788115223 -0.200012040476363 -0.195220782361157 0
0.96875 0.0872363282493808 -0.340077716652998 -0.195222609266216 0
1 0.0745222215207099 -0.463912861706022 -0.195225017417351 0
1.03125 0.0582417743927544 -0.565585936799374 -0.19522755371984 0
1.0625 0.039173100470749 -0.640212396710144 -0.195229737853975 0
1.09375 0.0182284995983705 -0.684196890270731 -0.195231153642084 0
1.125 -0.00358920517117168 -0.695415769255751 -0.19523153005427 0
1.15625 -0.025234985980114 -0.673326787506841 -0.195230794866348 0
1.1875 -0.0456721293903493 -0.618997351629909 -0.19522908907777 0
1.21875 -0.0639223204569833 -0.535049004426163 -0.19522673881075 0
1.25 -0.0791126921669844 -0.425522661123457 -0.195224191048734 0
1.28125 -0.0905174867771994 -0.295674954987853 -0.195221927244718 0
1.3125 -0.0975923768537253 -0.151719746983002 -0.19522037248482 0
1.34375 -0.099999970963637 -0.000530079182667259 -0.195219817234325 0
1.375 -0.097625506802642 0.150684858757136 -0.195220364934264 0
1.40625 -0.090582167291316 0.294714705365248 -0.195221913551279 0
1.4375 -0.0792058377173139 0.424682943750055 -0.195224173775931 0
1.46875 -0.0640394833069376 0.534370061452208 -0.195226721211643 0
1.5 -0.045807708876551 0.618511819558395 -0.195229074489118 0
1.53125 -0.0253824945845379 0.673058071035345 -0.195230786071103 0
1.5625 -0.0037415794368419 0.695376847900826 -0.195231528737633 0
1.59375 0.0180785584092637 0.684389645650342 -0.195231160056808 0
1.625 0.0390327734163045 0.640627514339071 -0.195229750769816 0
1.65625 0.0581177780554557 0.566203390525694 -0.195227570668734 0
1.6875 0.0744204853241604 0.464702941353147 -0.195225035178833 0
1.71875 0.0871617118900273 0.341002520611746 -0.195222624487746 0
1.75 0.0957331428623945 0.201027332133932 -0.195220792187861 0
1.78125 0.0997259201483981 0.0514649286499849 -0.195219881106044 0
1.8125 0.0989497009030186 -0.100550993908388 -0.195220061083453 0
1.84375 0.0934414830291238 -0.247772939840829 -0.195221298602127 0
1.875 0.0834638921629668 -0.383175913849342 -0.195223362755298 0
1.90625 0.0694929884135399 -0.500285923226641 -0.195225866695366 0
1.9375 0.0521960219613017 -0.5934881220462 -0.195228338307413 0
1.96875 0.0323999807856524 -0.658300521100364 -0.195230308522462 0
2 0.0110522393925289 -0.691598057479746 -0.195231401264993 0
