0 0.1 0 -0.195219817227549 0
0.125 0.0617435227615084 -0.49521406203809 -0.195335661899173 0
0.25 -0.0238035155095225 -0.611410544879333 -0.19539677273461 0
0.375 -0.0911091134583248 -0.259524661642988 -0.195251541636594 0
0.5 -0.0886846809202696 0.290913195141816 -0.195259690765703 0
0.625 -0.0183808146728708 0.618776442072938 -0.195401088851058 0
0.75 0.0660094295979648 0.472908719999974 -0.195325424155217 0
0.875 0.0998463653271226 -0.0348876951401912 -0.195220389911985 0
1 0.057287505812917 -0.515996840790562 -0.195345632259149 0
1.125 -0.0291528448705179 -0.602163774199934 -0.195391429434289 0
1.25 -0.0932534377370664 -0.227338837963586 -0.19524415457414 0
1.375 -0.0859875543614143 0.321407939625076 -0.195268503065481 0
1.5 -0.0129014528307974 0.624238731393945 -0.195404323740648 0
1.625 0.0700721284870721 0.449149532358715 -0.195315045331902 0
1.75 0.0993859302588812 -0.0696682432943842 -0.195222101069919 0
1.875 0.052655067663476 -0.53519301158685 -0.195355211958289 0
2 -0.0344123226378312 -0.591064665981907 -0.195385125785172 0
