0 0.1 0 -0.195219817227549 0
0.015625 0.0994022425431486 -0.07628502948883 -0.195219852002425 0
0.03125 0.0976160928284741 -0.151660994253093 -0.195219954694718 0
0.046875 0.0946628364727394 -0.225229348621695 -0.195220120480328 0
0.0625 0.0905776756840461 -0.296112496835987 -0.19522034155958 0
0.078125 0.0854093209466148 -0.363464044596277 -0.195220607508962 0
0.09375 0.0792194242904124 -0.426478774779556 -0.19522090575546 0
0.109375 0.0720818592347537 -0.484402243789866 -0.195221222155135 0
0.125 0.0640818541719791 -0.536539887521209 -0.195221541652333 0
0.140625 0.0553149877497159 -0.582265519327358 -0.195221848990993 0
0.15625 0.0458860566929992 -0.621029098103144 -0.195222129445449 0
0.171875 0.0359078284339927 -0.652363643876503 -0.195222369535277 0
0.1875 0.0254996928218585 -0.675891182219377 -0.195222557687783 0
0.203125 0.0147862289896371 -0.69132760795349 -0.195222684812832 0
0.21875 0.00389570507331193 -0.698486373226953 -0.195222744758298 0
0.234375 -0.00704147017370514 -0.697280924731977 -0.195222734620261 0
0.25 -0.0178943238245624 -0.687725838791284 -0.195222654889965 0
0.265625 -0.0285329026359328 -0.66993663000791 -0.195222509428936 0
0.28125 -0.0388298435123095 -0.64412823759477 -0.195222305273709 0
0.296875 -0.0486619100607693 -0.610612221674466 -0.195222052281596 0
0.3125 -0.0579114754396366 -0.569792728089238 -0.195221762637917 0
0.328125 -0.066467932813558 -0.522161303102823 -0.195221450252476 0
0.34375 -0.0742290161615998 -0.468290657668079 -0.195221130078296 0
0.359375 -0.0811020158656855 -0.408827493982361 -0.195220817388442 0
0.375 -0.0870048753485486 -0.344484514666831 -0.195220527047303 0
0.390625 -0.0918671569490239 -0.276031737401337 -0.195220272811092 0
0.40625 -0.0956308671423404 -0.204287235989687 -0.195220066689133 0
0.421875 -0.0982511330737017 -0.130107423739557 -0.195219918393098 0
0.4375 -0.0996967241342015 -0.0543769880533568 -0.195219834896328 0
0.453125 -0.0999504139503691 0.0220014223560687 -0.195219820120016 0
0.46875 -0.0990091796855744 0.0981176628734065 -0.195219874757709 0
0.484375 -0.0968842369855751 0.173064621017755 -0.195219996244338 0
0.5 -0.0936009102787696 0.245948719222212 -0.195220178870865 0
0.515625 -0.089198339509881 0.315900303608205 -0.195220414040511 0
0.53125 -0.0837290257910132 0.382083826305697 -0.195220690657355 0
0.546875 -0.077258219937828 0.443707722901522 -0.195220995632793 0
0.5625 -0.0698631594503406 0.500033879313277 -0.195221314489976 0
0.578125 -0.0616321612092881 0.550386575018876 -0.195221632041142 0
0.59375 -0.0526635789810007 0.594160783505695 -0.195221933108032 0
0.609375 -0.0430646367247351 0.630829707422026 -0.19522220325181 0
0.625 -0.0329501506240624 0.659951426445898 -0.195222429476567 0
0.640625 -0.0224411546483008 0.681174541262557 -0.195222600870074 0
0.65625 -0.0116634462096075 0.694242707778085 -0.195222709147287 0
0.671875 -0.000746070030235653 0.698997971820333 -0.195222749066315 0
0.6875 0.0101802404097779 0.695382835605479 -0.195222718693075 0
0.703125 0.0209846435824356 0.683441012216709 -0.195222619499232 0
0.71875 0.03153777204155 0.663316851896373 -0.195222456287656 0
0.734375 0.0417132952041972 0.635253452480048 -0.195222236949805 0
0.75 0.0513894424315515 0.599589494087395 -0.195221972069152 0
0.765625 0.0604504668944283 0.556754863592611 -0.19522167439341 0
0.78125 0.0687880319188206 0.507265156028326 -0.195221358205075 0
0.796875 0.0763025030203135 0.451715156908749 -0.195221038624354 0
0.8125 0.082904130572219 0.390771420938476 -0.195220730880708 0
0.828125 0.0885141099246408 0.325164068660286 -0.195220449589081 0
0.84375 0.093065507717853 0.255677923741512 -0.195220208064856 0
0.859375 0.0965040450415631 0.183143110683813 -0.195220017707877 0
0.875 0.0987887299267221 0.108425226961504 -0.195219887481351 0
0.890625 0.0998923333841101 0.0324151963205961 -0.195219823506201 0
0.90625 0.0998017048117407 -0.0439810974028409 -0.195219828786131 0
0.921875 0.0985179240902713 -0.119853302798201 -0.195219903073322 0
0.9375 0.096056289099297 -0.194297130635999 -0.195220042879504 0
0.953125 0.0924461387578964 -0.266424833036684 -0.195220241631992 0
0.96875 0.0877305130669006 -0.33537554251305 -0.195220489969201 0
0.984375 0.0819656530543635 -0.400325376916055 -0.195220776164902 0
1 0.0752203450382739 -0.460497209854004 -0.195221086665155 0
1.015625 0.0675751152464259 -0.515169998710743 -0.195221406716526 0
1.03125 0.0591212825785632 -0.563687555250971 -0.195221721059065 0
1.046875 0.0499598791448331 -0.605466638369709 -0.195222014653038 0
1.0625 0.0402004501295098 -0.640004246173038 -0.195222273404977 0
1.078125 0.0299597464519256 -0.666883986425055 -0.195222484856812 0
1.09375 0.0193603255537268 -0.685781411282878 -0.195222638802019 0
1.109375 0.00852907734933567 -0.696468214548469 -0.19522272779527 0
1.125 -0.00240430615091286 -0.698815207273081 -0.195222747526942 0
1.140625 -0.0133088978779481 -0.692794009829866 -0.195222697040944 0
1.15625 -0.0240541189580962 -0.678477424436081 -0.195222578783153 0
1.171875 -0.0345113173915756 -0.656038480114092 -0.195222398477588 0
1.1875 -0.0445553214616616 -0.625748170569851 -0.195222164837617 0
1.203125 -0.0540659477218835 -0.587971932729428 -0.195221889128943 0
1.21875 -0.0629294443594562 -0.543164938123887 -0.195221584609286 0
1.234375 -0.0710398520382549 -0.491866289647659 -0.195221265875831 0
1.25 -0.0783002659109455 -0.434692231541413 -0.19522094815537 0
1.265625 -0.084623984273924 -0.37232849036002 -0.19522064657355 0
1.28125 -0.0899355312346961 -0.305521869283912 -0.19522037543891 0
1.296875 -0.0941715426890463 -0.235071218002748 -0.195220147574782 0
1.3125 -0.097281506797282 -0.161817896527657 -0.195219973728217 0
1.328125 -0.0992283519555356 -0.0866358449342633 -0.195219862080239 0
1.34375 -0.0999888769514777 -0.0104213635969448 -0.195219817876504 0
1.359375 -0.0995540195679401 0.065917298684329 -0.195219843192066 0
1.375 -0.0979289613675924 0.141470456941177 -0.195219936838663 0
1.390625 -0.0951330677885283 0.215337514251585 -0.195220094417787 0
1.40625 -0.0911996640472304 0.286637409894677 -0.195220308517667 0
1.421875 -0.0861756487293197 0.354518900886302 -0.195220569047176 0
1.4375 -0.0801209483945335 0.418170581233484 -0.195220863694411 0
1.453125 -0.0731078180657733 0.476830536382213 -0.19522117849233 0
1.46875 -0.0652199941325893 0.529795522837139 -0.195221498468544 0
1.484375 -0.0565517079771127 0.576429556141041 -0.195221808351367 0
1.5 -0.0472065705031818 0.616171785719148 -0.195222093299991 0
1.515625 -0.0372963396733893 0.648543533831548 -0.195222339623662 0
1.53125 -0.0269395850709459 0.673154379108966 -0.195222535453428 0
1.546875 -0.0162602653262341 0.689707173576727 -0.195222671330891 0
1.5625 -0.0053862358966732 0.698001895939429 -0.195222740681618 0
1.578125 0.00555229392187303 0.697938262937049 -0.195222740146385 0
1.59375 0.0164243348201096 0.689517044024709 -0.195222669751129 0
1.609375 0.0270997015476452 0.672840051271387 -0.195222532905629 0
1.625 0.0374505864223404 0.648108804694896 -0.195222336231009 0
1.640625 0.0473531016943607 0.615621901559445 -0.195222089226171 0
1.65625 0.0566887708460731 0.575771144767241 -0.195221803792409 0
1.671875 0.065345949968337 0.529036508858213 -0.195221493643148 0
1.6875 0.0732211617478923 0.47598004109606 -0.195221173631196 0
1.703125 0.0802203262525889 0.417238808904642 -0.195220859029137 0
1.71875 0.0862598745261623 0.35351701326618 -0.195220564799262 0
1.734375 0.091267732917157 0.285577390850185 -0.195220304888143 0
1.75 0.0951841679902306 0.214232026319365 -0.195220091577923 0
1.765625 0.0979624837396372 0.14033269153372 -0.195219934922148 0
1.78125 0.0995695646006594 0.064760821562062 -0.195219842288963 0
1.796875 0.0999862594134516 -0.0115827700857165 -0.195219818029209 0
1.8125 0.0992076030354807 -0.0877883414369009 -0.195219863281585 0
1.828125 0.0972428737435485 -0.162947746744869 -0.195219975921796 0
1.84375 0.0941154859497036 -0.236164947887347 -0.195220150657465 0
1.859375 0.0898627191220689 -0.306566424018351 -0.195220379265486 0
1.875 0.0845352851991301 -0.373311387680127 -0.195220650963309 0
1.890625 0.0781967382570649 -0.435601709873312 -0.19522095290038 0
1.90625 0.0709227317655891 -0.492691449410579 -0.195221270750587 0
1.921875 0.0628001304629844 -0.543895874443265 -0.195221589381306 0
1.9375 0.0539259856892371 -0.588599857723885 -0.195221893569851 0
1.953125 0.0444063849091129 -0.626265523342714 -0.195222168734181 0
1.96875 0.0343551880847772 -0.656439022612598 -0.195222401642155 0
1.984375 0.0238926654524693 -0.678756321451351 -0.195222581062939 0
2 0.0131440530394225 -0.692947891603494 -0.195222698325669 0
