0 0.1 0 -0.195219817227549 0
0.001953125 0.0999906600397367 -0.00956367415674451 -0.195219817236063 0
0.00390625 0.0999626418978252 -0.0191255677823501 -0.195219817261601 0
0.005859375 0.0999159507905869 -0.0286839006671657 -0.195219817304142 0
0.0078125 0.0998505954108441 -0.038236893244475 -0.195219817363657 0
0.009765625 0.0997665879263507 -0.0477827669118607 -0.195219817440101 0
0.01171875 0.0996639439775946 -0.0573197443524445 -0.195219817533417 0
0.013671875 0.0995426826749739 -0.0668460498559632 -0.195219817643538 0
0.015625 0.0994028265953448 -0.0763599096396367 -0.195219817770382 0
0.017578125 0.0992444017779441 -0.085859552168789 -0.195219817913856 0
0.01953125 0.0990674377196854 -0.0953432084771782 -0.195219818073855 0
0.021484375 0.0988719673698301 -0.104809112486996 -0.19521981825026 0
0.0234375 0.0986580271240331 -0.114255501328492 -0.195219818442942 0
0.025390625 0.0984256568177657 -0.123680615659183 -0.195219818651759 0
0.02734375 0.0981748997191144 -0.133082699982602 -0.195219818876558 0
0.029296875 0.0979058025209587 -0.142460002966549 -0.195219819117172 0
0.03125 0.0976184153325264 -0.151810777760794 -0.195219819373426 0
0.033203125 0.0973127916703306 -0.161133282314192 -0.195219819645129 0
0.03515625 0.0969889884484866 -0.170425779691172 -0.195219819932082 0
0.037109375 0.0966470659684119 -0.179686538387544 -0.195219820234074 0
0.0390625 0.0962870879079102 -0.18891383264559 -0.195219820550883 0
0.041015625 0.0959091213096401 -0.198105942768392 -0.195219820882273 0
0.04296875 0.0955132365689712 -0.207261155433345 -0.195219821228002 0
0.044921875 0.0950995074212286 -0.216377764004826 -0.195219821587815 0
0.046875 0.0946680109283273 -0.225454068845948 -0.195219821961445 0
0.048828125 0.0942188274647991 -0.234488377629384 -0.195219822348618 0
0.05078125 0.0937520407032126 -0.243479005647182 -0.195219822749047 0
0.052734375 0.0932677375989898 -0.252424276119551 -0.195219823162438 0
0.0546875 0.0927660083746206 -0.261322520502555 -0.195219823588484 0
0.056640625 0.0922469465032767 -0.270172078794668 -0.195219824026871 0
0.05859375 0.0917106486918289 -0.278971299842153 -0.195219824477276 0
0.060546875 0.0911572148632683 -0.287718541643198 -0.195219824939366 0
0.0625 0.0905867481385352 -0.29641217165078 -0.195219825412798 0
0.064453125 0.0899993548177574 -0.305050567074184 -0.195219825897222 0
0.06640625 0.0893951443609016 -0.313632115179152 -0.195219826392281 0
0.068359375 0.0887742293678389 -0.322155213586591 -0.195219826897608 0
0.0703125 0.088136725557829 -0.330618270569798 -0.195219827412829 0
0.072265625 0.0874827517484256 -0.339019705350148 -0.195219827937562 0
0.07421875 0.086812429833805 -0.347357948391195 -0.195219828471419 0
0.076171875 0.0861258847625225 -0.355631441691128 -0.195219829014003 0
0.078125 0.085423244514699 -0.363838639073538 -0.195219829564913 0
0.080078125 0.0847046400786415 -0.371978006476431 -0.19521983012374 0
0.08203125 0.0839702054269005 -0.38004802223944 -0.195219830690069 0
0.083984375 0.0832200774917687 -0.388047177389185 -0.19521983126348 0
0.0859375 0.0824543961402239 -0.395973975922714 -0.195219831843547 0
0.087890625 0.0816733041483206 -0.403826935088982 -0.195219832429838 0
0.08984375 0.0808769471750326 -0.411604585668307 -0.19521983302192 0
0.091796875 0.0800654737355537 -0.419305472249742 -0.19521983361935 0
0.09375 0.0792390351740571 -0.426928153506317 -0.195219834221685 0
0.095703125 0.0783977856359197 -0.434471202468089 -0.195219834828476 0
0.09765625 0.0775418820394161 -0.441933206792937 -0.195219835439272 0
0.099609375 0.0766714840468848 -0.449312769035056 -0.195219836053617 0
0.1015625 0.0757867540353729 -0.456608506911082 -0.195219836671055 0
0.103515625 0.0748878570667634 -0.463819053563797 -0.195219837291124 0
0.10546875 0.0739749608573893 -0.470943057823354 -0.195219837913362 0
0.107421875 0.0730482357471409 -0.477979184465955 -0.195219838537305 0
0.109375 0.0721078546680692 -0.484926114469943 -0.195219839162487 0
0.111328125 0.0711539931124927 -0.491782545269227 -0.195219839788441 0
0.11328125 0.0701868291006113 -0.498547191003995 -0.195219840414699 0
0.115234375 0.0692065431476333 -0.50521878276865 -0.195219841040795 0
0.1171875 0.0682133182304212 -0.511796068856917 -0.195219841666258 0
0.119140625 0.067207339753661 -0.518277815004051 -0.195219842290621 0
0.12109375 0.0661887955155617 -0.524662804626092 -0.195219842913418 0
0.123046875 0.0651578756730904 -0.530949839056117 -0.195219843534181 0
0.125 0.0641147727067487 -0.53713773777741 -0.195219844152445 0
0.126953125 0.0630596813848973 -0.54322533865351 -0.195219844767748 0
0.12890625 0.0619927987276335 -0.54921149815507 -0.195219845379627 0
0.130859375 0.0609143239702291 -0.555095091583463 -0.195219845987625 0
0.1328125 0.0598244585261355 -0.56087501329109 -0.195219846591284 0
0.134765625 0.0587234059495608 -0.566550176898322 -0.195219847190151 0
0.13671875 0.0576113718976265 -0.572119515507014 -0.195219847783777 0
0.138671875 0.0564885640921115 -0.577581981910551 -0.195219848371716 0
0.140625 0.0553551922807884 -0.582936548800351 -0.195219848953525 0
0.142578125 0.0542114681983601 -0.588182208968771 -0.195219849528767 0
0.14453125 0.0530576055270041 -0.593317975508377 -0.19521985009701 0
0.146484375 0.0518938198565305 -0.598342882007491 -0.195219850657825 0
0.1484375 0.0507203286441624 -0.603255982741994 -0.195219851210791 0
0.150390625 0.0495373511739446 -0.608056352863303 -0.195219851755491 0
0.15234375 0.0483451085157901 -0.612743088582484 -0.195219852291514 0
0.154296875 0.0471438234841693 -0.617315307350439 -0.195219852818456 0
0.15625 0.0459337205964524 -0.621772148034122 -0.195219853335921 0
0.158203125 0.044715026030911 -0.626112771088722 -0.195219853843517 0
0.16015625 0.0434879675843871 -0.630336358725774 -0.195219854340862 0
0.162109375 0.0422527746296384 -0.634442115077136 -0.19521985482758 0
0.1640625 0.041009678072367 -0.63842926635479 -0.195219855303304 0
0.166015625 0.03975891030794 -0.642297061006415 -0.195219855767675 0
0.16796875 0.0385007051778107 -0.646044769866689 -0.195219856220341 0
0.169921875 0.0372352979256483 -0.649671686304266 -0.19521985666096 0
0.171875 0.0359629251531847 -0.653177126364389 -0.195219857089199 0
0.173828125 0.0346838247757874 -0.656560428907088 -0.195219857504735 0
0.17578125 0.0333982359777664 -0.659820955740933 -0.195219857907252 0
0.177734375 0.0321063991674244 -0.662958091752281 -0.195219858296447 0
0.1796875 0.030808555931859 -0.665971245029987 -0.195219858672025 0
0.181640625 0.029504948991526 -0.668859846985543 -0.1952198590337 0
0.18359375 0.0281958221545718 -0.671623352468596 -0.1952198593812 0
0.185546875 0.0268814202709455 -0.674261239877816 -0.195219859714261 0
0.1875 0.025561989186299 -0.676773011267071 -0.195219860032631 0
0.189453125 0.0242377756956835 -0.679158192446884 -0.195219860336068 0
0.19140625 0.0229090274970534 -0.681416333081127 -0.195219860624343 0
0.193359375 0.0215759931445854 -0.683547006778933 -0.195219860897236 0
0.1953125 0.0202389220018232 -0.685549811181785 -0.195219861154541 0
0.197265625 0.0188980641946565 -0.687424368045757 -0.195219861396063 0
0.19921875 0.0175536705641444 -0.689170323318885 -0.195219861621618 0
0.201171875 0.0162059926191921 -0.690787347213629 -0.195219861831035 0
0.203125 0.0148552824890912 -0.692275134274423 -0.195219862024156 0
0.205078125 0.0135017928759327 -0.693633403440261 -0.195219862200834 0
0.20703125 0.0121457770069027 -0.69486189810233 -0.195219862360934 0
0.208984375 0.0107874885864704 -0.695960386156646 -0.195219862504335 0
0.2109375 0.00942718174847828 -0.696928660051689 -0.195219862630929 0
0.212890625 0.00806511100814353 -0.697766536831012 -0.195219862740618 0
0.21484375 0.00670153121398214 -0.698473858170815 -0.195219862833321 0
0.216796875 0.00533669749966379 -0.699050490412477 -0.195219862908965 0
0.21875 0.0039708652358084 -0.699496324590017 -0.195219862967495 0
0.220703125 0.00260428998173403 -0.699811276452491 -0.195219863008865 0
0.22265625 0.00123722743716586 -0.699995286481318 -0.195219863033044 0
0.224609375 -0.000130066606083614 -0.70004831990251 -0.195219863040014 0
0.2265625 -0.00149733631245332 -0.699970366693826 -0.195219863029769 0
0.228515625 -0.00286432585098137 -0.699761441586833 -0.195219863002318 0
0.23046875 -0.00423077944365189 -0.699421584063877 -0.19521986295768 0
0.232421875 -0.00559644141373089 -0.698950858349962 -0.195219862895891 0
0.234375 -0.00696105623408143 -0.698349353399549 -0.195219862816996 0
0.236328125 -0.00832436857544788 -0.697617182878265 -0.195219862721056 0
0.23828125 -0.00968612335469965 -0.696754485139547 -0.195219862608144 0
0.240234375 -0.0110460657830242 -0.695761423196206 -0.195219862478345 0
0.2421875 -0.0124039414140598 -0.694638184686943 -0.195219862331758 0
0.244140625 -0.0137594961919576 -0.693384981837812 -0.195219862168494 0
0.24609375 -0.0151124764993638 -0.692002051418658 -0.195219861988677 0
0.248046875 -0.0164626292053117 -0.69048965469452 -0.195219861792444 0
0.25 -0.0178097017130143 -0.688848077372054 -0.195219861579944 0
0.251953125 -0.0191534420075463 -0.687077629540951 -0.195219861351338 0
0.25390625 -0.0204935987034086 -0.6851786456104 -0.195219861106799 0
0.255859375 -0.021829921091962 -0.683151484240614 -0.195219860846513 0
0.2578125 -0.0231621591887235 -0.680996528269418 -0.195219860570677 0
0.259765625 -0.0244900637805144 -0.678714184633962 -0.1952198602795 0
0.26171875 -0.0258133864724499 -0.676304884287548 -0.195219859973204 0
0.263671875 -0.0271318797347626 -0.67376908211162 -0.195219859652021 0
0.265625 -0.0284452969494484 -0.671107256822946 -0.195219859316193 0
0.267578125 -0.0297533924567272 -0.668319910876013 -0.195219858965975 0
0.26953125 -0.0310559216013079 -0.665407570360667 -0.195219858601633 0
0.271484375 -0.0323526407784486 -0.662370784895045 -0.195219858223443 0
0.2734375 -0.0336433074798041 -0.65921012751382 -0.195219857831691 0
0.275390625 -0.0349276803390495 -0.655926194551798 -0.195219857426673 0
0.27734375 -0.0362055191772721 -0.65251960552291 -0.195219857008696 0
0.279296875 -0.0374765850481233 -0.648991002994633 -0.195219856578076 0
0.28125 -0.0387406402827199 -0.645341052457881 -0.195219856135139 0
0.283203125 -0.0399974485342869 -0.641570442192406 -0.195219855680219 0
0.28515625 -0.0412467748225339 -0.637679883127755 -0.195219855213662 0
0.287109375 -0.0424883855777547 -0.633670108699825 -0.195219854735818 0
0.2890625 -0.0437220486846426 -0.629541874703055 -0.19521985424705 0
0.291015625 -0.0449475335258135 -0.625295959138313 -0.195219853747725 0
0.29296875 -0.0461646110250267 -0.620933162056515 -0.195219853238222 0
0.294921875 -0.0473730536900968 -0.616454305398021 -0.195219852718923 0
0.296875 -0.0485726356554877 -0.611860232827871 -0.195219852190223 0
0.298828125 -0.0497631327245806 -0.607151809566895 -0.195219851652517 0
0.30078125 -0.0509443224116084 -0.602329922218759 -0.195219851106213 0
0.302734375 -0.0521159839832477 -0.597395478592988 -0.195219850551722 0
0.3046875 -0.0532778984998622 -0.592349407524031 -0.195219849989461 0
0.306640625 -0.0544298488563884 -0.587192658686405 -0.195219849419854 0
0.30859375 -0.055571619822856 -0.581926202405988 -0.195219848843329 0
0.310546875 -0.0567029980845368 -0.576551029467502 -0.195219848260319 0
0.3125 -0.0578237722817134 -0.571068150918245 -0.195219847671265 0
0.314453125 -0.0589337330490612 -0.565478597868136 -0.195219847076607 0
0.31640625 -0.0600326730546358 -0.559783421286112 -0.195219846476793 0
0.318359375 -0.0611203870384601 -0.55398369179295 -0.195219845872274 0
0.3203125 -0.0621966718507021 -0.548080499450558 -0.195219845263503 0
0.322265625 -0.0632613264894388 -0.5420749535478 -0.195219844650936 0
0.32421875 -0.0643141521379981 -0.535968182382913 -0.195219844035034 0
0.326171875 -0.0653549522018721 -0.529761333042566 -0.195219843416259 0
0.328125 -0.0663835323451956 -0.52345557117763 -0.195219842795073 0
0.330078125 -0.0673997005267847 -0.517052080775709 -0.195219842171943 0
0.33203125 -0.0684032670357257 -0.510552063930492 -0.195219841547334 0
0.333984375 -0.0693940445265131 -0.503956740607994 -0.195219840921714 0
0.3359375 -0.0703718480537257 -0.497267348409724 -0.195219840295552 0
0.337890625 -0.0713364951062386 -0.490485142332871 -0.195219839669315 0
0.33984375 -0.0722878056409635 -0.483611394527532 -0.195219839043472 0
0.341796875 -0.0732256021161118 -0.476647394051067 -0.19521983841849 0
0.34375 -0.0741497095239755 -0.46959444661963 -0.195219837794836 0
0.345703125 -0.0750599554232197 -0.462453874356933 -0.195219837172975 0
0.34765625 -0.0759561699706823 -0.455227015540309 -0.195219836553371 0
0.349609375 -0.0768381859526741 -0.447915224344128 -0.195219835936486 0
0.3515625 -0.0777058388157765 -0.440519870580626 -0.195219835322781 0
0.353515625 -0.0785589666971297 -0.433042339438202 -0.195219834712712 0
0.35546875 -0.079397410454207 -0.425484031217254 -0.195219834106734 0
0.357421875 -0.0802210136940721 -0.417846361063594 -0.195219833505298 0
0.359375 -0.0810296228021117 -0.410130758699513 -0.195219832908851 0
0.361328125 -0.081823086970242 -0.402338668152554 -0.195219832317837 0
0.36328125 -0.0826012582245826 -0.394471547482038 -0.195219831732696 0
0.365234375 -0.0833639914525938 -0.386530868503414 -0.195219831153863 0
0.3671875 -0.0841111444296741 -0.378518116510488 -0.195219830581766 0
0.369140625 -0.0848425778452128 -0.370434789995572 -0.195219830016833 0
0.37109375 -0.0855581553280942 -0.362282400367636 -0.19521982945948 0
0.373046875 -0.0862577434716489 -0.354062471668489 -0.195219828910123 0
0.375 -0.0869412118580493 -0.345776540287067 -0.195219828369168 0
0.376953125 -0.0876084330821453 -0.337426154671876 -0.195219827837017 0
0.37890625 -0.0882592827747363 -0.329012875041637 -0.195219827314064 0
0.380859375 -0.0888936396252766 -0.320538273094194 -0.195219826800696 0
0.3828125 -0.0895113854040105 -0.312003931713743 -0.195219826297294 0
0.384765625 -0.0901124049835334 -0.303411444676427 -0.19521982580423 0
0.38671875 -0.0906965863597778 -0.294762416354345 -0.19521982532187 0
0.388671875 -0.0912638206724176 -0.286058461418047 -0.195219824850569 0
0.390625 -0.091814002224692 -0.277301204537543 -0.195219824390677 0
0.392578125 -0.0923470285026424 -0.268492280081896 -0.195219823942533 0
0.39453125 -0.0928628001937619 -0.259633331817436 -0.195219823506468 0
0.396484375 -0.0933612212050542 -0.250726012604655 -0.195219823082806 0
0.3984375 -0.0938421986804988 -0.241771984093828 -0.195219822671858 0
0.400390625 -0.0943056430179207 -0.23277291641941 -0.195219822273928 0
0.40234375 -0.0947514678852622 -0.223730487893257 -0.19521982188931 0
0.404296875 -0.0951795902362538 -0.21464638469672 -0.195219821518288 0
0.40625 -0.0955899303254837 -0.205522300571665 -0.195219821161135 0
0.408203125 -0.0959824117228619 -0.196359936510456 -0.195219820818114 0
0.41015625 -0.0963569613274777 -0.187161000444957 -0.195219820489479 0
0.412109375 -0.09671350938085 -0.177927206934591 -0.195219820175472 0
0.4140625 -0.097051989479566 -0.168660276853519 -0.195219819876325 0
0.416015625 -0.097372338587309 -0.159361937076957 -0.195219819592257 0
0.41796875 -0.0976744970462728 -0.150033920166708 -0.195219819323477 0
0.419921875 -0.0979584085879602 -0.140677964055927 -0.195219819070185 0
0.421875 -0.0982240203433663 -0.13129581173318 -0.195219818832566 0
0.423828125 -0.098471282852543 -0.121889210925836 -0.195219818610796 0
0.42578125 -0.0987001500735453 -0.112459913782836 -0.195219818405037 0
0.427734375 -0.0989105793907572 -0.103009676556879 -0.195219818215441 0
0.4296875 -0.0991025316225956 -0.0935402592860768 -0.195219818042147 0
0.431640625 -0.0992759710285934 -0.0840534254751132 -0.195219817885284 0
0.43359375 -0.0994308653158578 -0.074550941775952 -0.195219817744966 0
0.435546875 -0.0995671856449057 -0.0650345776681381 -0.195219817621297 0
0.4375 -0.0996849066348739 -0.0555061051387324 -0.195219817514367 0
0.439453125 -0.0997840063681039 -0.0459672983619226 -0.195219817424256 0
0.44140625 -0.0998644663941002 -0.0364199333783528 -0.195219817351029 0
0.443359375 -0.0999262717328631 -0.0268657877742116 -0.19521981729474 0
0.4453125 -0.0999694108775932 -0.0173066403601227 -0.195219817255432 0
0.447265625 -0.0999938757967698 -0.00774427084987748 -0.195219817233132 0
0.44921875 -0.0999996619356006 0.00181954046094806 -0.195219817227857 0
0.451171875 -0.0999867682168442 0.011383013016451 -0.195219817239611 0
0.453125 -0.0999551970410051 0.0209443663218927 -0.195219817268385 0
0.455078125 -0.0999049542858994 0.0305018202651821 -0.195219817314159 0
0.45703125 -0.0998360493055942 0.0400535954383097 -0.195219817376898 0
0.458984375 -0.0997484949287185 0.0495979134586918 -0.195219817456556 0
0.4609375 -0.0996423074561462 0.0591329972903824 -0.195219817553076 0
0.462890625 -0.0995175066580529 0.0686570715651125 -0.195219817666385 0
0.46484375 -0.099374115770345 0.078168362903115 -0.1952198177964 0
0.466796875 -0.0992121614904626 0.0876651002336928 -0.195219817943026 0
0.46875 -0.0990316739725571 0.0971455151154901 -0.195219818106156 0
0.470703125 -0.0988326868220427 0.106607842056423 -0.195219818285668 0
0.47265625 -0.0986152370895242 0.116050318833227 -0.195219818481431 0
0.474609375 -0.0983793652641004 0.125471186810586 -0.195219818693301 0
0.4765625 -0.0981251152660454 0.134868691259786 -0.195219818921122 0
0.478515625 -0.0978525344388669 0.144241081676864 -0.195219819164725 0
0.48046875 -0.0975616735407451 0.153586612100208 -0.195219819423933 0
0.482421875 -0.0972525867353505 0.16290354142755 -0.195219819698554 0
0.484375 -0.0969253315820437 0.172190133732334 -0.195219819988385 0
0.486328125 -0.0965799690254585 0.181444658579387 -0.195219820293213 0
0.48828125 -0.096216563384468 0.190665391339868 -0.195219820612814 0
0.490234375 -0.0958351823405372 0.199850613505445 -0.195219820946951 0
0.4921875 -0.0954358969254624 0.208998613001655 -0.19521982129538 0
0.494140625 -0.0950187815084994 0.218107684500395 -0.195219821657842 0
0.49609375 -0.0945839137828827 0.227176129731508 -0.19521982203407 0
0.498046875 -0.0941313747517357 0.236202257793417 -0.195219822423787 0
0.5 -0.0936612487133771 0.245184385462749 -0.195219822826705 0
0.501953125 -0.0931736232460219 0.254120837502915 -0.195219823242527 0
0.50390625 -0.0926685891918814 0.26300994697159 -0.195219823670946 0
0.505859375 -0.0921462406406641 0.271850055527054 -0.195219824111645 0
0.5078125 -0.0916066749124788 0.280639513733331 -0.195219824564299 0
0.509765625 -0.0910499925401433 0.289376681364093 -0.195219825028573 0
0.51171875 -0.0904762972509003 0.298059927705265 -0.195219825504123 0
0.513671875 -0.0898856959475446 0.306687631856295 -0.195219825990599 0
0.515625 -0.0892782986889617 0.315258183030029 -0.19521982648764 0
0.517578125 -0.0886542186700835 0.323769980851138 -0.195219826994878 0
0.51953125 -0.0880135722012619 0.332221435653059 -0.195219827511938 0
0.521484375 -0.0873564786870638 0.340610968773385 -0.195219828038437 0
0.5234375 -0.0866830606044909 0.348937012847653 -0.195219828573985 0
0.525390625 -0.0859934434806276 0.357198012101488 -0.195219829118185 0
0.52734375 -0.0852877558697195 0.365392422641037 -0.195219829670632 0
0.529296875 -0.0845661293296861 0.373518712741643 -0.195219830230919 0
0.53125 -0.0838286983980724 0.381575363134714 -0.195219830798628 0
0.533203125 -0.0830756005674411 0.389560867292715 -0.195219831373338 0
0.53515625 -0.0823069762602102 0.397473731712245 -0.195219831954622 0
0.537109375 -0.0815229688029401 0.405312476195135 -0.195219832542049 0
0.5390625 -0.080723724400073 0.413075634127506 -0.195219833135182 0
0.541015625 -0.0799093921071296 0.420761752756752 -0.19521983373358 0
0.54296875 -0.0790801238033669 0.428369393466357 -0.195219834336797 0
0.544921875 -0.0782360741639016 0.435897132048528 -0.195219834944385 0
0.546875 -0.0773774006313024 0.443343558974553 -0.195219835555891 0
0.548828125 -0.0765042633866573 0.450707279662852 -0.195219836170861 0
0.55078125 -0.0756168253201194 0.457986914744642 -0.195219836788834 0
0.552734375 -0.074715252000936 0.465181100327179 -0.195219837409351 0
0.5546875 -0.0737997116469663 0.472288488254498 -0.19521983803195 0
0.556640625 -0.0728703750936919 0.479307746365611 -0.195219838656164 0
0.55859375 -0.0719274157627256 0.486237558750086 -0.195219839281529 0
0.560546875 -0.0709710096298243 0.49307662600097 -0.195219839907577 0
0.5625 -0.0700013351924094 0.499823665464972 -0.195219840533841 0
0.564453125 -0.0690185734366018 0.50647741148987 -0.195219841159852 0
0.56640625 -0.068022907803777 0.513036615669066 -0.195219841785142 0
0.568359375 -0.0670145241566445 0.519500047083241 -0.195219842409243 0
0.5703125 -0.0659936107448581 0.525866492539041 -0.195219843031688 0
0.572265625 -0.0649603581701639 0.53213475680475 -0.195219843652012 0
0.57421875 -0.0639149593510896 0.538303662842864 -0.195219844269748 0
0.576171875 -0.0628576094871839 0.544372052039546 -0.195219844884435 0
0.578125 -0.0617885060228101 0.550338784430863 -0.195219845495612 0
0.580078125 -0.0607078486105009 0.556202738925772 -0.195219846102819 0
0.58203125 -0.0596158390738813 0.561962813525794 -0.195219846705601 0
0.583984375 -0.0585126813701657 0.567617925541303 -0.195219847303506 0
0.5859375 -0.0573985815522356 0.573167011804392 -0.195219847896084 0
0.587890625 -0.0562737477303048 0.578609028878243 -0.19521984848289 0
0.58984375 -0.0551383900331799 0.583942953262951 -0.195219849063484 0
0.591796875 -0.0539927205691214 0.589167781597747 -0.195219849637428 0
0.59375 -0.0528369533863137 0.594282530859558 -0.19521985020429 0
0.595703125 -0.0516713044329513 0.59928623855785 -0.195219850763644 0
0.59765625 -0.0504959915169471 0.604177962925707 -0.195219851315069 0
0.599609375 -0.0493112342652727 0.608956783107075 -0.195219851858149 0
0.6015625 -0.0481172540829351 0.613621799340133 -0.195219852392476 0
0.603515625 -0.0469142741116003 0.618172133136729 -0.195219852917646 0
0.60546875 -0.0457025191878698 0.622606927457834 -0.195219853433263 0
0.607421875 -0.0444822158012181 0.626925346884951 -0.195219853938938 0
0.609375 -0.0432535920516004 0.631126577787447 -0.19521985443429 0
0.611328125 -0.0420168776067359 0.635209828485734 -0.195219854918945 0
0.61328125 -0.040772303659078 0.639174329410277 -0.195219855392536 0
0.615234375 -0.039520102882477 0.643019333256351 -0.195219855854707 0
0.6171875 -0.0382605093885454 0.646744115134527 -0.195219856305107 0
0.619140625 -0.0369937586827328 0.650347972716823 -0.195219856743396 0
0.62109375 -0.0357200876201203 0.653830226378477 -0.195219857169243 0
0.623046875 -0.0344397343609419 0.657190219335308 -0.195219857582326 0
0.625 -0.0331529383258417 0.66042731777661 -0.195219857982332 0
0.626953125 -0.031859940150877 0.663540910993539 -0.195219858368958 0
0.62890625 -0.0305609816422732 0.666530411502964 -0.195219858741913 0
0.630859375 -0.0292563057309435 0.669395255166721 -0.195219859100912 0
0.6328125 -0.0279461564267782 0.672134901306254 -0.195219859445685 0
0.634765625 -0.026630778772716 0.674748832812593 -0.19521985977597 0
0.63671875 -0.025310418798604 0.677236556251632 -0.195219860091517 0
0.638671875 -0.023985323474858 0.679597601964684 -0.195219860392087 0
0.640625 -0.0226557406659295 0.681831524164268 -0.195219860677452 0
0.642578125 -0.0213219190835914 0.683937901025101 -0.195219860947395 0
0.64453125 -0.0199841082400502 0.685916334770276 -0.195219861201712 0
0.646484375 -0.018642558400895 0.687766451752568 -0.19521986144021 0
0.6484375 -0.0172975205378917 0.689487902530881 -0.195219861662708 0
0.650390625 -0.0159492462816337 0.691080361941775 -0.195219861869037 0
0.65234375 -0.0145979878740567 0.692543529166069 -0.19521986205904 0
0.654296875 -0.0132439981208287 0.693877127790495 -0.195219862232574 0
0.65625 -0.011887530343625 0.695080905864374 -0.195219862389506 0
0.658203125 -0.010528838332296 0.696154635951304 -0.195219862529717 0
0.66015625 -0.00916817629694026 0.697098115175841 -0.195219862653102 0
0.662109375 -0.00780579881989041 0.697911165265152 -0.195219862759566 0
0.6640625 -0.00644196080762325 0.698593632585629 -0.195219862849028 0
0.666015625 -0.00507691744260279 0.699145388174457 -0.19521986292142 0
0.66796875 -0.00371092413506678 0.699566327766113 -0.195219862976688 0
0.669921875 -0.00234423647476642 0.699856371813799 -0.19521986301479 0
0.671875 -0.00097711018266913 0.700015465505796 -0.195219863035696 0
0.673828125 0.0003901989373656 0.700043578776735 -0.195219863039391 0
0.67578125 0.00175743504692749 0.699940706313776 -0.195219863025872 0
0.677734375 0.00312434232140379 0.699706867557702 -0.195219862995148 0
0.6796875 0.00449066499832477 0.699342106698924 -0.195219862947245 0
0.681640625 0.00585614742569646 0.698846492668388 -0.195219862882197 0
0.68359375 0.00722053411031066 0.698220119123413 -0.195219862800054 0
0.685546875 0.00858356976602229 0.697463104428427 -0.195219862700879 0
0.6875 0.0099449993619842 0.69657559163065 -0.195219862584747 0
0.689453125 0.0113045681708295 0.695557748430695 -0.195219862451746 0
0.69140625 0.0126620218167916 0.694409767148122 -0.195219862301978 0
0.693359375 0.0140171063237519 0.693131864681943 -0.195219862135555 0
0.6953125 0.0153695681632054 0.691724282466101 -0.195219861952604 0
0.697265625 0.0167191543021351 0.690187286419926 -0.195219861753265 0
0.69921875 0.0180656122507833 0.688521166893603 -0.195219861537687 0
0.701171875 0.0194086901103132 0.686726238608644 -0.195219861306036 0
0.703125 0.0207481366203483 0.684802840593415 -0.195219861058487 0
0.705078125 0.0220837012063812 0.682751336113715 -0.195219860795227 0
0.70703125 0.0234151340270425 0.68057211259844 -0.195219860516456 0
0.708984375 0.0247421860212189 0.678265581560358 -0.195219860222385 0
0.7109375 0.0260646089550126 0.67583217851202 -0.195219859913239 0
0.712890625 0.0273821554685315 0.67327236287683 -0.19521985958925 0
0.71484375 0.0286945791225003 0.670586617895313 -0.195219859250664 0
0.716796875 0.030001634444685 0.667775450526603 -0.195219858897739 0
0.71875 0.0313030769761198 0.66483939134519 -0.195219858530741 0
0.720703125 0.0325986633171272 0.661778994432949 -0.195219858149948 0
0.72265625 0.0338881511731235 0.658594837266503 -0.195219857755649 0
0.724609375 0.0351712994001995 0.655287520599942 -0.195219857348141 0
0.7265625 0.036447868050467 0.651857668342938 -0.195219856927734 0
0.728515625 0.0377176184171641 0.648305927434304 -0.195219856494746 0
0.73046875 0.0389803130795073 0.644632967711029 -0.195219856049503 0
0.732421875 0.0402357159472853 0.640839481772825 -0.195219855592343 0
0.734375 0.0414835923051824 0.63692618484225 -0.195219855123611 0
0.736328125 0.0427237088568253 0.632893814620423 -0.19521985464366 0
0.73828125 0.0439558337685434 0.628743131138398 -0.195219854152855 0
0.740234375 0.0451797367128347 0.624474916604233 -0.195219853651565 0
0.7421875 0.0463951889115287 0.620089975245802 -0.195219853140168 0
0.744140625 0.0476019631786386 0.615589133149397 -0.19521985261905 0
0.74609375 0.0487998339628935 0.610973238094175 -0.195219852088606 0
0.748046875 0.049988577389944 0.606243159382489 -0.195219851549233 0
0.75 0.0511679713042314 0.601399787666167 -0.19521985100134 0
0.751953125 0.0523377953105149 0.596444034768777 -0.195219850445338 0
0.75390625 0.0534978308150469 0.591376833503943 -0.195219849881646 0
0.755859375 0.0546478610663897 0.586199137489748 -0.19521984931069 0
0.7578125 0.0557876711958662 0.580911920959303 -0.195219848732897 0
0.759765625 0.056917048257637 0.575516178567511 -0.195219848148704 0
0.76171875 0.0580357812683956 0.570012925194093 -0.195219847558549 0
0.763671875 0.0591436612466764 0.564403195742932 -0.195219846962876 0
0.765625 0.0602404812517664 0.558688044937788 -0.195219846362132 0
0.767578125 0.0613260364222146 0.552868547114445 -0.195219845756769 0
0.76953125 0.0624001240139322 0.546945796009335 -0.19521984514724 0
0.771484375 0.0634625434378761 0.540920904544713 -0.195219844534004 0
0.7734375 0.06451309629731 0.534795004610429 -0.19521984391752 0
0.775390625 0.0655515864246356 0.528569246842358 -0.19521984329825 0
0.77734375 0.066577819917788 0.522244800397548 -0.195219842676658 0
0.779296875 0.0675916051761885 0.515822852726141 -0.195219842053211 0
0.78125 0.0685927529362494 0.509304609340133 -0.195219841428374 0
0.783203125 0.0695810763064234 0.502691293579018 -0.195219840802615 0
0.78515625 0.0705563908017925 0.495984146372394 -0.195219840176402 0
0.787109375 0.0715185143781906 0.489184425999572 -0.195219839550204 0
0.7890625 0.0724672674658533 0.48229340784626 -0.195219838924489 0
0.791015625 0.07340247300259 0.475312384158373 -0.195219838299724 0
0.79296875 0.074323956466472 0.468242663793032 -0.195219837676374 0
0.794921875 0.0752315459080316 0.461085571966814 -0.195219837054907 0
0.796875 0.0761250719819673 0.453842450001301 -0.195219836435785 0
0.798828125 0.0770043679783492 0.446514655066004 -0.19521983581947 0
0.80078125 0.0778692698533189 0.439103559918703 -0.195219835206421 0
0.802734375 0.0787196162592816 0.431610552643274 -0.195219834597096 0
0.8046875 0.0795552485745817 0.424037036385056 -0.195219833991947 0
0.806640625 0.0803760109326607 0.416384429083819 -0.195219833391426 0
0.80859375 0.0811817502506904 0.408654163204385 -0.195219832795979 0
0.810546875 0.0819723162576778 0.400847685464969 -0.195219832206049 0
0.8125 0.0827475615220379 0.392966456563291 -0.195219831622074 0
0.814453125 0.0835073414786282 0.385011950900513 -0.19521983104449 0
0.81640625 0.0842515144552431 0.376985656303071 -0.195219830473723 0
0.818359375 0.0849799416985621 0.368889073742438 -0.1952198299102 0
0.8203125 0.0856924873995494 0.360723717052898 -0.195219829354337 0
0.822265625 0.0863890187183 0.352491112647362 -0.195219828806547 0
0.82421875 0.0870694058083282 0.344192799231301 -0.195219828267236 0
0.826171875 0.0877335218402972 0.335830327514842 -0.195219827736805 0
0.828125 0.0883812430251831 0.32740525992308 -0.195219827215646 0
0.830078125 0.0890124486368718 0.318919170304663 -0.195219826704145 0
0.83203125 0.0896270210341857 0.310373643638701 -0.195219826202681 0
0.833984375 0.0902248456823354 0.301770275740061 -0.195219825711626 0
0.8359375 0.0908058111737953 0.293110672963082 -0.195219825231342 0
0.837890625 0.0913698092485975 0.284396451903781 -0.195219824762185 0
0.83984375 0.0919167348140444 0.275629239100594 -0.195219824304502 0
0.841796875 0.0924464859638342 0.266810670733697 -0.195219823858631 0
0.84375 0.0929589639965979 0.257942392322969 -0.195219823424902 0
0.845703125 0.0934540734338458 0.249026058424638 -0.195219823003634 0
0.84765625 0.0939317220373192 0.24006333232667 -0.19521982259514 0
0.849609375 0.0943918208257468 0.231055885742932 -0.195219822199721 0
0.8515625 0.0948342840910025 0.222005398506199 -0.195219821817668 0
0.853515625 0.0952590294136617 0.212913558260042 -0.195219821449263 0
0.85546875 0.0956659776779558 0.203782060149641 -0.195219821094779 0
0.857421875 0.0960550530861212 0.194612606511583 -0.195219820754476 0
0.859375 0.0964261831721416 0.185406906562678 -0.195219820428606 0
0.861328125 0.0967792988148817 0.17616667608785 -0.195219820117408 0
0.86328125 0.0971143342506098 0.166893637127144 -0.195219819821113 0
0.865234375 0.0974312270849096 0.157589517661896 -0.195219819539938 0
0.8671875 0.0977299183039766 0.148256051300109 -0.19521981927409 0
0.869140625 0.0980103522853006 0.138894976961086 -0.195219819023765 0
0.87109375 0.0982724768077308 0.129508038559357 -0.195219818789149 0
0.873046875 0.0985162430609231 0.120096984687947 -0.195219818570412 0
0.875 0.0987416056541681 0.110663568301032 -0.195219818367717 0
0.876953125 0.098948522624599 0.101209546396023 -0.195219818181212 0
0.87890625 0.0991369554447776 0.0917366796951187 -0.195219818011035 0
0.880859375 0.0993068690296581 0.0822467323263802 -0.195219817857311 0
0.8828125 0.0994582317429275 0.0727414715043545 -0.195219817720153 0
0.884765625 0.099591015402722 0.0632226672103052 -0.195219817599661 0
0.88671875 0.0997051952867178 0.053692091872081 -0.195219817495926 0
0.888671875 0.0998007501365973 0.0441515200436711 -0.195219817409022 0
0.890625 0.0998776621618884 0.0346027280844842 -0.195219817339014 0
0.892578125 0.0999359170431773 0.025047493838397 -0.195219817285953 0
0.89453125 0.0999755039346946 0.0154875963126112 -0.195219817249878 0
0.896484375 0.0999964154662734 0.00592481535636057 -0.195219817230817 0
0.8984375 0.0999986477446804 -0.00363906866048912 -0.195219817228781 0
0.900390625 0.0999822003543184 -0.0132022751689075 -0.195219817243775 0
0.90234375 0.0999470763573018 -0.0227630237221924 -0.195219817275785 0
0.904296875 0.0998932822929036 -0.0323195343174471 -0.195219817324789 0
0.90625 0.0998208281763743 -0.0418700277170001 -0.195219817390751 0
0.908203125 0.0997297274971341 -0.0514127257697277 -0.195219817473622 0
0.91015625 0.0996199972163363 -0.0609458517322362 -0.195219817573342 0
0.912109375 0.099491657763805 -0.0704676305898634 -0.195219817689836 0
0.9140625 0.0993447330343447 -0.0799762893774579 -0.195219817823019 0
0.916015625 0.0991792503834243 -0.0894700574998944 -0.195219817972794 0
0.91796875 0.0989952406222357 -0.0989471670522826 -0.19521981813905 0
0.919921875 0.0987927380121263 -0.108405853139829 -0.195219818321664 0
0.921875 0.0985717802584083 -0.117844354197308 -0.195219818520503 0
0.923828125 0.0983324085035431 -0.127260912308101 -0.19521981873542 0
0.92578125 0.0980746673197047 -0.136653773522764 -0.195219818966257 0
0.927734375 0.0977986047007198 -0.146021188177068 -0.195219819212843 0
0.9296875 0.097504272053388 -0.15536141120949 -0.195219819474998 0
0.931640625 0.0971917241881827 -0.164672702478094 -0.195219819752528 0
0.93359375 0.096861019309333 -0.173953327076762 -0.19521982004523 0
0.935546875 0.0965122190042891 -0.183201555650736 -0.195219820352886 0
0.9375 0.0961453882325723 -0.192415664711426 -0.195219820675271 0
0.939453125 0.0957605953140101 -0.201593936950431 -0.195219821012147 0
0.94140625 0.0953579119163597 -0.210734661552735 -0.195219821363265 0
0.943359375 0.0949374130423198 -0.219836134509037 -0.195219821728367 0
0.9453125 0.0944991770159338 -0.228896658927152 -0.195219822107183 0
0.947265625 0.0940432854683856 -0.237914545342461 -0.195219822499434 0
0.94921875 0.0935698233231898 -0.246888112027338 -0.195219822904831 0
0.951171875 0.0930788787807788 -0.255815685299523 -0.195219823323073 0
0.953125 0.0925705433024885 -0.264695599829396 -0.195219823753853 0
0.955078125 0.0920449115939452 -0.273526198946084 -0.195219824196852 0
0.95703125 0.0915020815878554 -0.282305834942373 -0.195219824651742 0
0.958984375 0.0909421544262016 -0.29103286937837 -0.195219825118188 0
0.9609375 0.0903652344418461 -0.299705673383855 -0.195219825595845 0
0.962890625 0.0897714291395459 -0.308322627959292 -0.195219826084358 0
0.96484375 0.0891608491763801 -0.316882124275432 -0.195219826583368 0
0.966796875 0.088533608341595 -0.325382563971458 -0.195219827092504 0
0.96875 0.0878898235358666 -0.333822359451641 -0.19521982761139 0
0.970703125 0.087229614749987 -0.342199934180423 -0.19521982813964 0
0.97265625 0.0865531050429744 -0.350513722975901 -0.195219828676865 0
0.974609375 0.0858604205196124 -0.358762172301647 -0.195219829222665 0
0.9765625 0.085151690307421 -0.366943740556811 -0.195219829776635 0
0.978515625 0.0844270465330623 -0.37505689836446 -0.195219830338366 0
0.98046875 0.0836866242981849 -0.38310012885809 -0.19521983090744 0
0.982421875 0.0829305616547104 -0.391071927966257 -0.195219831483434 0
0.984375 0.0821589995795667 -0.398970804695286 -0.19521983206592 0
0.986328125 0.0813720819488695 -0.406795281409983 -0.195219832654466 0
0.98828125 0.0805699555115589 -0.414543894112302 -0.195219833248635 0
0.990234375 0.0797527698624933 -0.422215192717921 -0.195219833847984 0
0.9921875 0.0789206774150046 -0.429807741330648 -0.195219834452068 0
0.994140625 0.0780738333729204 -0.437320118514624 -0.195219835060436 0
0.99609375 0.0772123957020568 -0.444750917564252 -0.195219835672636 0
0.998046875 0.0763365251011851 -0.452098746771788 -0.195219836288212 0
1 0.0754463849724795 -0.459362229692562 -0.195219836906706 0
1.001953125 0.0745421413914485 -0.46654000540774 -0.195219837527654 0
1.00390625 0.0736239630763555 -0.473630728784586 -0.195219838150596 0
1.005859375 0.0726920213571337 -0.480633070734169 -0.195219838775065 0
1.0078125 0.0717464901438002 -0.487545718466442 -0.195219839400596 0
1.009765625 0.0707875458943742 -0.494367375742641 -0.195219840026721 0
1.01171875 0.0698153675823055 -0.501096763124955 -0.195219840652973 0
1.013671875 0.0688301366634173 -0.507732618223385 -0.195219841278883 0
1.015625 0.0678320370423704 -0.514273695939759 -0.195219841903983 0
1.017578125 0.0668212550386526 -0.520718768708824 -0.195219842527805 0
1.01953125 0.0657979793521015 -0.527066626736362 -0.195219843149882 0
1.021484375 0.0647624010279637 -0.533316078234279 -0.195219843769749 0
1.0234375 0.0637147134214989 -0.539465949652594 -0.195219844386942 0
1.025390625 0.0626551121621333 -0.545515085908278 -0.195219845000996 0
1.02734375 0.0615837951171697 -0.551462350610885 -0.195219845611452 0
1.029296875 0.0605009623550595 -0.557306626284908 -0.195219846217853 0
1.03125 0.0594068161082442 -0.563046814588814 -0.195219846819742 0
1.033203125 0.0583015607355719 -0.568681836530689 -0.195219847416668 0
1.03515625 0.0571854026842962 -0.574210632680439 -0.195219848008182 0
1.037109375 0.056058550451664 -0.579632163378493 -0.19521984859384 0
1.0390625 0.054921214546099 -0.584945408940945 -0.195219849173202 0
1.041015625 0.0537736074479884 -0.590149369861084 -0.195219849745832 0
1.04296875 0.0526159435700791 -0.595243067007253 -0.195219850311298 0
1.044921875 0.0514484392174913 -0.600225541816978 -0.195219850869176 0
1.046875 0.0502713125473565 -0.605095856487322 -0.195219851419045 0
1.048828125 0.0490847835280877 -0.609853094161397 -0.195219851960492 0
1.05078125 0.0478890738982886 -0.614496359110992 -0.195219852493107 0
1.052734375 0.0466844071253104 -0.619024776915251 -0.195219853016489 0
1.0546875 0.0454710083634634 -0.623437494635366 -0.195219853530245 0
1.056640625 0.044249104411891 -0.62773368098521 -0.195219854033985 0
1.05859375 0.0430189236721149 -0.631912526497888 -0.195219854527331 0
1.060546875 0.0417806961052586 -0.635973243688124 -0.195219855009909 0
1.0625 0.0405346531889582 -0.639915067210465 -0.195219855481354 0
1.064453125 0.0392810278739678 -0.643737254013229 -0.195219855941312 0
1.06640625 0.038020054540469 -0.647439083488173 -0.195219856389434 0
1.068359375 0.0367519689540921 -0.651019857615807 -0.195219856825382 0
1.0703125 0.0354770082216573 -0.65447890110634 -0.195219857248825 0
1.072265625 0.0341954107466454 -0.657815561536187 -0.195219857659444 0
1.07421875 0.0329074161844065 -0.661029209480012 -0.195219858056927 0
1.076171875 0.0316132653971141 -0.664119238638257 -0.195219858440975 0
1.078125 0.0303132004084758 -0.667085065960118 -0.195219858811295 0
1.080078125 0.0290074643582074 -0.669926131761926 -0.195219859167609 0
1.08203125 0.0276963014562808 -0.672641899840903 -0.195219859509645 0
1.083984375 0.0263799569369539 -0.675231857584248 -0.195219859837146 0
1.0859375 0.0250586770125923 -0.677695516073523 -0.195219860149861 0
1.087890625 0.0237327088272917 -0.680032410184296 -0.195219860447556 0
1.08984375 0.0224023004103099 -0.682242098681027 -0.195219860730003 0
1.091796875 0.0210677006293189 -0.684324164307138 -0.195219860996988 0
1.09375 0.0197291591434852 -0.686278213870272 -0.19521986124831 0
1.095703125 0.0183869263563882 -0.688103878322675 -0.195219861483778 0
1.09765625 0.0170412533687872 -0.689800812836708 -0.195219861703212 0
1.099609375 0.0156923919312448 -0.691368696875438 -0.195219861906447 0
1.1015625 0.0143405943966175 -0.692807234258306 -0.195219862093327 0
1.103515625 0.0129861136724233 -0.694116153221829 -0.195219862263712 0
1.10546875 0.0116292031730948 -0.695295206475333 -0.195219862417472 0
1.107421875 0.010270116772129 -0.69634417125169 -0.19521986255449 0
1.109375 0.00890910875414285 -0.69726284935304 -0.195219862674663 0
1.111328125 0.00754643376684371 -0.698051067191488 -0.195219862777898 0
1.11328125 0.00618234677292611 -0.69870867582476 -0.195219862864117 0
1.115234375 0.00481710300190325 -0.699235550986806 -0.195219862933256 0
1.1171875 0.0034509579018839 -0.699631593113338 -0.195219862985261 0
1.119140625 0.00208416709130427 -0.699896727362296 -0.195219863020093 0
1.12109375 0.000716986310624929 -0.700030903629231 -0.195219863037725 0
1.123046875 -0.000650328625997416 -0.700034096557617 -0.195219863038145 0
1.125 -0.00201752187905326 -0.699906305544052 -0.195219863021351 0
1.126953125 -0.00338433763202887 -0.699647554738393 -0.195219862987357 0
1.12890625 -0.00475052013975011 -0.699257893038785 -0.195219862936189 0
1.130859375 -0.00611581377671162 -0.698737394081607 -0.195219862867884 0
1.1328125 -0.00747996308538138 -0.698086156226333 -0.195219862782496 0
1.134765625 -0.00884271282447074 -0.697304302535317 -0.195219862680089 0
1.13671875 -0.01020380801716 -0.696391980748496 -0.19521986256074 0
1.138671875 -0.0115629939992695 -0.695349363253038 -0.195219862424541 0
1.140625 -0.0129200164673671 -0.694176647047932 -0.195219862271595 0
1.142578125 -0.0142746215268005 -0.692874053703536 -0.195219862102018 0
1.14453125 -0.0156265557396466 -0.691441829316101 -0.195219861915938 0
1.146484375 -0.0169755661725665 -0.689880244457271 -0.195219861713497 0
1.1484375 -0.0183214004445578 -0.688189594118605 -0.195219861494849 0
1.150390625 -0.0196638067745923 -0.686370197651106 -0.195219861260159 0
1.15234375 -0.0210025340291324 -0.684422398699801 -0.195219861009606 0
1.154296875 -0.0223373317695134 -0.682346565133385 -0.195219860743379 0
1.15625 -0.0236679502991847 -0.680143088968957 -0.195219860461681 0
1.158203125 -0.0249941407107984 -0.67781238629186 -0.195219860164725 0
1.16015625 -0.0263156549331373 -0.675354897170675 -0.195219859852736 0
1.162109375 -0.0276322457778714 -0.672771085567373 -0.195219859525951 0
1.1640625 -0.0289436669861348 -0.67006143924267 -0.195219859184617 0
1.166015625 -0.030249673274913 -0.667226469656613 -0.195219858828993 0
1.16796875 -0.031550020383231 -0.664266711864423 -0.195219858459349 0
1.169921875 -0.0328444651181335 -0.661182724407638 -0.195219858075964 0
1.171875 -0.0341327654004483 -0.657975089200587 -0.195219857679129 0
1.173828125 -0.0354146803103232 -0.65464441141223 -0.195219857269143 0
1.17578125 -0.0366899701325273 -0.651191319343405 -0.195219856846318 0
1.177734375 -0.0379583964015084 -0.647616464299521 -0.195219856410972 0
1.1796875 -0.0392197219461973 -0.643920520458737 -0.195219855963436 0
1.181640625 -0.0404737109345504 -0.640104184735666 -0.195219855504047 0
1.18359375 -0.041720128917821 -0.63616817664065 -0.195219855033153 0
1.185546875 -0.0429587428745529 -0.632113238134653 -0.19521985455111 0
1.1875 -0.0441893212542845 -0.627940133479807 -0.195219854058281 0
1.189453125 -0.0454116340209584 -0.623649649085671 -0.195219853555038 0
1.19140625 -0.0466254526960254 -0.619242593351236 -0.195219853041762 0
1.193359375 -0.0478305504012367 -0.614719796502733 -0.19521985251884 0
1.1953125 -0.0490267019011142 -0.610082110427294 -0.195219851986665 0
1.197265625 -0.0502136836450933 -0.605330408502508 -0.19521985144564 0
1.19921875 -0.0513912738093271 -0.600465585421932 -0.195219850896172 0
1.201171875 -0.0525592523381477 -0.595488557016601 -0.195219850338675 0
1.203125 -0.0537174009851732 -0.590400260072592 -0.195219849773569 0
1.205078125 -0.0548655033540563 -0.585201652144704 -0.195219849201278 0
1.20703125 -0.0560033449388635 -0.579893711366283 -0.195219848622234 0
1.208984375 -0.0571307131640808 -0.574477436255285 -0.195219848036873 0
1.2109375 -0.0582473974242357 -0.568953845516588 -0.195219847445634 0
1.212890625 -0.05935318912313 -0.563323977840647 -0.195219846848961 0
1.21484375 -0.0604478817126757 -0.557588891698522 -0.195219846247304 0
1.216796875 -0.0615312707313273 -0.551749665133352 -0.195219845641113 0
1.21875 -0.0626031538421029 -0.545807395548318 -0.195219845030844 0
1.220703125 -0.0636633308701879 -0.539763199491167 -0.195219844416954 0
1.22265625 -0.0647116038401152 -0.533618212435341 -0.195219843799904 0
1.224609375 -0.0657477770125135 -0.527373588557784 -0.195219843180157 0
1.2265625 -0.0667716569204191 -0.521030500513464 -0.195219842558176 0
1.228515625 -0.0677830524051442 -0.514590139206692 -0.195219841934428 0
1.23046875 -0.0687817746516952 -0.508053713559287 -0.19521984130938 0
1.232421875 -0.0697676372237352 -0.501422450275633 -0.195219840683499 0
1.234375 -0.0707404560980844 -0.494697593604711 -0.195219840057253 0
1.236328125 -0.0717000496987536 -0.487880405099151 -0.195219839431111 0
1.23828125 -0.072646238930503 -0.48097216337136 -0.19521983880554 0
1.240234375 -0.073578847211923 -0.473974163846794 -0.195219838181008 0
1.2421875 -0.0744977005080295 -0.46688771851443 -0.195219837557981 0
1.244140625 -0.07540262736237 -0.459714155674498 -0.195219836936925 0
1.24609375 -0.0762934589286331 -0.452454819683526 -0.195219836318301 0
1.248046875 -0.0771700290017587 -0.445111070696767 -0.195219835702572 0
1.25 -0.0780321740485423 -0.437684284408056 -0.195219835090197 0
1.251953125 -0.0788797332377277 -0.430175851787166 -0.195219834481631 0
1.25390625 -0.0797125484695859 -0.422587178814713 -0.195219833877328 0
1.255859375 -0.0805304644049727 -0.414919686214673 -0.195219833277738 0
1.2578125 -0.081333328493862 -0.407174809184567 -0.195219832683306 0
1.259765625 -0.0821209910033499 -0.39935399712337 -0.195219832094476 0
1.26171875 -0.0828933050451252 -0.391458713357207 -0.195219831511684 0
1.263671875 -0.0836501266024015 -0.383490434862885 -0.195219830935363 0
1.265625 -0.0843913145563083 -0.375450651989327 -0.195219830365942 0
1.267578125 -0.0851167307117348 -0.367340868176951 -0.195219829803844 0
1.26953125 -0.0858262398226246 -0.359162599675069 -0.195219829249485 0
1.271484375 -0.0865197096167156 -0.35091737525734 -0.195219828703278 0
1.2734375 -0.0871970108197235 -0.342606735935349 -0.195219828165626 0
1.275390625 -0.087858017178963 -0.33423223467036 -0.195219827636929 0
1.27734375 -0.0885026054864046 -0.325795436083293 -0.195219827117577 0
1.279296875 -0.0891306556011634 -0.317297916162989 -0.195219826607957 0
1.28125 -0.0897420504714163 -0.308741261972808 -0.195219826108445 0
1.283203125 -0.0903366761557447 -0.300127071355616 -0.195219825619411 0
1.28515625 -0.0909144218438992 -0.291456952637212 -0.195219825141217 0
1.287109375 -0.0914751798769838 -0.282732524328251 -0.195219824674217 0
1.2890625 -0.0920188457670564 -0.27395541482471 -0.195219824218755 0
1.291015625 -0.0925453182161428 -0.265127262106946 -0.195219823775169 0
1.29296875 -0.0930544991346616 -0.256249713437406 -0.195219823343786 0
1.294921875 -0.0935462936592577 -0.247324425057031 -0.195219822924925 0
1.296875 -0.0940206101700407 -0.238353061880405 -0.195219822518896 0
1.298828125 -0.094477360307228 -0.229337297189696 -0.195219822125997 0
1.30078125 -0.0949164589871879 -0.220278812327449 -0.195219821746519 0
1.302734375 -0.0953378244178821 -0.211179296388259 -0.195219821380742 0
1.3046875 -0.0957413781137045 -0.202040445909396 -0.195219821028936 0
1.306640625 -0.0961270449097157 -0.192863964560404 -0.19521982069136 0
1.30859375 -0.0964947529752686 -0.183651562831743 -0.195219820368263 0
1.310546875 -0.0968444338270271 -0.174404957722509 -0.195219820059883 0
1.3125 -0.0971760223413722 -0.165125872427273 -0.195219819766448 0
1.314453125 -0.0974894567661962 -0.1558160360221 -0.195219819488173 0
1.31640625 -0.0977846787320835 -0.146477183149782 -0.195219819225264 0
1.318359375 -0.098061633262875 -0.137111053704328 -0.195219818977914 0
1.3203125 -0.098320268785616 -0.127719392514767 -0.195219818746306 0
1.322265625 -0.0985605371398858 -0.118303949028294 -0.195219818530609 0
1.32421875 -0.0987823935865078 -0.108866476992814 -0.195219818330983 0
1.326171875 -0.098985796815639 -0.099408734138922 -0.195219818147574 0
1.328125 -0.099170708954238 -0.0899324818613622 -0.195219817980518 0
1.330078125 -0.09933709557291 -0.0804394849000109 -0.195219817829937 0
1.33203125 -0.0994849256921287 -0.0709315110204253 -0.195219817695943 0
1.333984375 -0.0996141717878335 -0.0614103306939998 -0.195219817578633 0
1.3359375 -0.0997248097964021 -0.051877716777773 -0.195219817478094 0
1.337890625 -0.0998168191189967 -0.0423354441939262 -0.1952198173944 0
1.33984375 -0.0998901826252846 -0.0327852896090165 -0.195219817327612 0
1.341796875 -0.0999448866565319 -0.0232290311129845 -0.19521981727778 0
1.34375 -0.0999809210280697 -0.0136684478979806 -0.195219817244941 0
1.345703125 -0.0999982790311334 -0.00410531993704772 -0.195219817229118 0
1.34765625 -0.0999969574340738 0.0054585723372941 -0.195219817230322 0
1.349609375 -0.0999769564829408 0.0150214483545236 -0.195219817248554 0
1.3515625 -0.0999382799014389 0.0245815277276111 -0.1952198172838 0
1.353515625 -0.0998809348902548 0.0341370305744879 -0.195219817336034 0
1.35546875 -0.0998049321257573 0.0436861778394512 -0.195219817405217 0
1.357421875 -0.0997102857580695 0.0532271916144625 -0.195219817491298 0
1.359375 -0.0995970134085134 0.0627582954602989 -0.195219817594215 0
1.361328125 -0.0994651361664277 0.072277714727516 -0.195219817713891 0
1.36328125 -0.099314678585359 0.0817836768771793 -0.195219817850239 0
1.365234375 -0.0991456686786262 0.091274411801325 -0.195219818003158 0
1.3671875 -0.0989581379142601 0.100748152143106 -0.195219818172536 0
1.369140625 -0.0987521212093172 0.110203133616583 -0.195219818358248 0
1.37109375 -0.0985276569235703 0.119637595326115 -0.195219818560157 0
1.373046875 -0.0982847868525746 0.129049780085316 -0.195219818778115 0
1.375 -0.098023556220112 0.138437934735519 -0.195219819011962 0
1.376953125 -0.097744013670014 0.147800310463722 -0.195219819261525 0
1.37890625 -0.0974462112573631 0.157135163119963 -0.19521981952662 0
1.380859375 -0.0971302044390766 0.16644075353408 -0.195219819807053 0
1.3828125 -0.0967960520638706 0.175715347831816 -0.195219820102616 0
1.384765625 -0.0964438163616086 0.184957217750225 -0.195219820413092 0
1.38671875 -0.0960735629320338 0.194164640952332 -0.195219820738253 0
1.388671875 -0.0956853607328885 0.203335901341001 -0.195219821077857 0
1.390625 -0.0952792820674205 0.212469289371973 -0.195219821431656 0
1.392578125 -0.0948554025712792 0.221563102366015 -0.195219821799389 0
1.39453125 -0.0944138011988033 0.230615644820155 -0.195219822180783 0
1.396484375 -0.0939545602087005 0.239625228717929 -0.195219822575557 0
1.3984375 -0.0934777651491238 0.248590173838619 -0.195219822983421 0
1.400390625 -0.0929835048421434 0.257508808065422 -0.195219823404073 0
1.40234375 -0.0924718713676183 0.266379467692496 -0.195219823837202 0
1.404296875 -0.0919429600464696 0.275200497730853 -0.195219824282489 0
1.40625 -0.0913968694233571 0.283970252213034 -0.195219824739604 0
1.408203125 -0.0908337012487624 0.292687094496523 -0.195219825208209 0
1.41015625 -0.0902535604604801 0.301349397565852 -0.195219825687959 0
1.412109375 -0.0896565551645208 0.309955544333344 -0.195219826178497 0
1.4140625 -0.089042796615428 0.318503927938446 -0.195219826679462 0
1.416015625 -0.0884123991960113 0.326992952045592 -0.195219827190482 0
1.41796875 -0.0877654803964999 0.335421031140567 -0.19521982771118 0
1.419921875 -0.0871021607931184 0.343786590825284 -0.195219828241168 0
1.421875 -0.0864225640260886 0.352088068110963 -0.195219828780055 0
1.423828125 -0.08572681677706 0.360323911709624 -0.195219829327441 0
1.42578125 -0.0850150487459729 0.368492582323858 -0.19521982988292 0
1.427734375 -0.0842873926273574 0.376592552934824 -0.195219830446079 0
1.4296875 -0.0835439840860712 0.384622309088407 -0.195219831016502 0
1.431640625 -0.0827849617324808 0.39258034917949 -0.195219831593764 0
1.43359375 -0.0820104670970889 0.400465184734285 -0.195219832177437 0
1.435546875 -0.0812206446046125 0.408275340690656 -0.195219832767087 0
1.4375 -0.080415641547516 0.416009355676404 -0.195219833362276 0
1.439453125 -0.0795956080590016 0.423665782285422 -0.19521983396256 0
1.44140625 -0.0787606970854636 0.431243187351693 -0.195219834567493 0
1.443359375 -0.077911064358409 0.438740152221067 -0.195219835176626 0
1.4453125 -0.07704686836585 0.44615527302074 -0.195219835789504 0
1.447265625 -0.0761682703231717 0.453487160926412 -0.19521983640567 0
1.44921875 -0.0752754341434812 0.460734442427032 -0.195219837024666 0
1.451171875 -0.0743685264074412 0.467895759587096 -0.19521983764603 0
1.453125 -0.0734477163325941 0.474969770306427 -0.195219838269298 0
1.455078125 -0.0725131757421817 0.481955148577384 -0.195219838894005 0
1.45703125 -0.0715650790334637 0.488850584739438 -0.195219839519685 0
1.458984375 -0.0706036031455432 0.495654785731055 -0.19521984014587 0
1.4609375 -0.0696289275267018 0.502366475338834 -0.195219840772093 0
1.462890625 -0.0686412341012509 0.508984394443837 -0.195219841397884 0
1.46484375 -0.0676407072359056 0.515507301265041 -0.195219842022777 0
1.466796875 -0.0666275337056844 0.521933971599877 -0.195219842646304 0
1.46875 -0.0656019026593435 0.528263199061774 -0.195219843267996 0
1.470703125 -0.0645640055843493 0.534493795314659 -0.19521984388739 0
1.47265625 -0.0635140362713957 0.540624590304352 -0.195219844504021 0
1.474609375 -0.0624521907784729 0.546654432486802 -0.195219845117426 0
1.4765625 -0.0613786673944941 0.552582189053098 -0.195219845727146 0
1.478515625 -0.0602936666024843 0.558406746151196 -0.195219846332723 0
1.48046875 -0.059197391042341 0.564127009104318 -0.195219846933703 0
1.482421875 -0.0580900454731705 0.569741902625938 -0.195219847529633 0
1.484375 -0.0569718367352084 0.575250371031333 -0.195219848120068 0
1.486328125 -0.0558429737113294 0.580651378445601 -0.195219848704562 0
1.48828125 -0.0547036672881553 0.585943909008132 -0.195219849282676 0
1.490234375 -0.0535541303167664 0.591126967073434 -0.195219849853976 0
1.4921875 -0.0523945775730247 0.596199577408291 -0.195219850418032 0
1.494140625 -0.0512252257175152 0.601160785385181 -0.195219850974418 0
1.49609375 -0.0500462932551138 0.606009657171897 -0.195219851522717 0
1.498046875 -0.0488580004941875 0.610745279917328 -0.195219852062514 0
1.5 -0.0476605695054367 0.615366761933337 -0.195219852593404 0
1.501953125 -0.0464542240803854 0.61987323287269 -0.195219853114985 0
1.50390625 -0.0452391896895278 0.624263843902975 -0.195219853626864 0
1.505859375 -0.0440156934401394 0.628537767876465 -0.195219854128656 0
1.5078125 -0.0427839640337603 0.632694199495879 -0.195219854619982 0
1.509765625 -0.0415442317233586 0.63673235547598 -0.195219855100469 0
1.51171875 -0.0402967282701823 0.640651474700969 -0.195219855569757 0
1.513671875 -0.039041686900308 0.644450818377627 -0.195219856027489 0
1.515625 -0.0377793422608947 0.648129670184152 -0.195219856473321 0
1.517578125 -0.0365099303761511 0.651687336414651 -0.195219856906915 0
1.51953125 -0.0352336886030249 0.655123146119243 -0.195219857327942 0
1.521484375 -0.0339508555866228 0.658436451239719 -0.195219857736086 0
1.5234375 -0.0326616712153698 0.661626626740731 -0.195219858131036 0
1.525390625 -0.0313663765759168 0.664693070736457 -0.195219858512494 0
1.52734375 -0.0300652139078055 0.667635204612704 -0.195219858880171 0
1.529296875 -0.0287584265578985 0.670452473144415 -0.195219859233789 0
1.53125 -0.0274462589345851 0.67314434460854 -0.19521985957308 0
1.533203125 -0.0261289564617714 0.675710310892227 -0.195219859897786 0
1.53515625 -0.0248067655326624 0.678149887596308 -0.195219860207662 0
1.537109375 -0.0234799334633483 0.680462614134045 -0.195219860502472 0
1.5390625 -0.0221487084462013 0.682648053825096 -0.195219860781994 0
1.541015625 -0.020813339503094 0.684705793984676 -0.195219861046015 0
1.54296875 -0.0194740764384486 0.686635446007887 -0.195219861294335 0
1.544921875 -0.0181311697921257 0.688436645449179 -0.195219861526765 0
1.546875 -0.0167848707921628 0.690109052096923 -0.19521986174313 0
1.548828125 -0.0154354313073721 0.691652350043074 -0.195219861943265 0
1.55078125 -0.014083103799807 0.693066247747889 -0.195219862127018 0
1.552734375 -0.0127281412771069 0.69435047809969 -0.19521986229425 0
1.5546875 -0.0113707972447301 0.695504798469643 -0.195219862444833 0
1.556640625 -0.0100113256580849 0.696528990761548 -0.195219862578654 0
1.55859375 -0.0086499808745678 0.697422861456602 -0.19521986269561 0
1.560546875 -0.00728701760552 0.69818624165314 -0.195219862795614 0
1.5625 -0.00592269086811022 0.69881898710133 -0.195219862878588 0
1.564453125 -0.00455725593715542 0.699320978232812 -0.195219862944471 0
1.56640625 -0.0031909682968883 0.699692120185272 -0.195219862993211 0
1.568359375 -0.00182408359268171 0.699932342821943 -0.195219863024773 0
1.5703125 -0.000456857582740082 0.700041600746024 -0.195219863039131 0
1.572265625 0.000910453910232449 0.700019873310015 -0.195219863036275 0
1.57421875 0.00227759504737716 0.699867164619961 -0.195219863016208 0
1.576171875 0.00364431002202917 0.699583503534612 -0.195219862978944 0
1.578125 0.00501034310805924 0.699168943659483 -0.195219862924512 0
1.580078125 0.00637543870819903 0.698623563335836 -0.195219862852953 0
1.58203125 0.00773934140233985 0.697947465624574 -0.195219862764322 0
1.583984375 0.00910179599579502 0.697140778285054 -0.195219862658685 0
1.5859375 0.0104625475675158 0.696203653748836 -0.195219862536123 0
1.587890625 0.0118213415182514 0.695136269088359 -0.19521986239673 0
1.58984375 0.0131779236186422 0.69393882598058 -0.19521986224061 0
1.591796875 0.014532040057238 0.692611550665555 -0.195219862067883 0
1.59375 0.0158834374884296 0.691154693900013 -0.195219861878679 0
1.595703125 0.017231863080285 0.689568530905907 -0.195219861673143 0
1.59765625 0.0185770645622808 0.687853361313981 -0.195219861451429 0
1.599609375 0.0199187902729177 0.686009509102358 -0.195219861213707 0
1.6015625 0.0212567892072119 0.684037322530182 -0.195219860960157 0
1.603515625 0.0225908110640512 0.681937174066322 -0.195219860690971 0
1.60546875 0.0239206062934084 0.679709460313173 -0.195219860406353 0
1.607421875 0.0252459261433996 0.67735460192558 -0.19521986010652 0
1.609375 0.0265665227071802 0.674873043524902 -0.195219859791697 0
1.611328125 0.0278821489696687 0.672265253608249 -0.195219859462125 0
1.61328125 0.0291925588540875 0.669531724452932 -0.195219859118052 0
1.615234375 0.030497507268313 0.666672972016138 -0.19521985875974 0
1.6171875 0.0317967501510255 0.663689535829881 -0.19521985838746 0
1.619140625 0.0330900445176485 0.660581978891252 -0.195219858001493 0
1.62109375 0.0343771485060695 0.65735088754801 -0.195219857602133 0
1.623046875 0.0356578214221329 0.653996871379541 -0.19521985718968 0
1.625 0.0369318237848958 0.650520563073241 -0.195219856764448 0
1.626953125 0.0381989173716377 0.646922618296345 -0.195219856326757 0
1.62890625 0.0394588652626159 0.643203715563247 -0.19521985587694 0
1.630859375 0.0407114318855567 0.639364556098367 -0.195219855415335 0
1.6328125 0.0419563830598751 0.63540586369458 -0.195219854942293 0
1.634765625 0.0431934860406136 0.631328384567285 -0.195219854458169 0
1.63671875 0.0444225095620911 0.627132887204128 -0.19521985396333 0
1.638671875 0.0456432238812547 0.62282016221045 -0.195219853458149 0
1.640625 0.0468554008207256 0.618391022150486 -0.195219852943008 0
1.642578125 0.0480588138115301 0.613846301384388 -0.195219852418294 0
1.64453125 0.0492532379355084 0.609186855901093 -0.195219851884405 0
1.646484375 0.0504384499673937 0.60441356314711 -0.195219851341742 0
1.6484375 0.0516142284165518 0.599527321851264 -0.195219850790714 0
1.650390625 0.0527803535683752 0.594529051845453 -0.195219850231737 0
1.65234375 0.0539366075253231 0.589419693881467 -0.195219849665231 0
1.654296875 0.0550827742475997 0.58420020944393 -0.195219849091622 0
1.65625 0.0562186395934635 0.578871580559411 -0.195219848511343 0
1.658203125 0.0573439913591599 0.573434809601758 -0.195219847924829 0
1.66015625 0.0584586193184703 0.567890919093722 -0.195219847332522 0
1.662109375 0.0595623152618698 0.562240951504909 -0.195219846734867 0
1.6640625 0.0606548730352864 0.556485969046131 -0.195219846132312 0
1.666015625 0.0617360885784562 0.550627053460207 -0.19521984552531 0
1.66796875 0.0628057599628653 0.544665305809269 -0.195219844914316 0
1.669921875 0.0638636874292736 0.538601846258633 -0.19521984429979 0
1.671875 0.0649096734248131 0.532437813857293 -0.195219843682191 0
1.673828125 0.0659435226396537 0.526174366315095 -0.195219843061983 0
1.67578125 0.0669650420432314 0.519812679776654 -0.19521984243963 0
1.677734375 0.0679740409200313 0.51335394859206 -0.195219841815599 0
1.6796875 0.0689703309049192 0.506799385084447 -0.195219841190356 0
1.681640625 0.0699537260180174 0.500150219314476 -0.195219840564369 0
1.68359375 0.0709240426991164 0.493407698841794 -0.195219839938107 0
1.685546875 0.0718810998416181 0.486573088483519 -0.195219839312038 0
1.6875 0.0728247188260051 0.479647670069826 -0.195219838686629 0
1.689453125 0.0737547235528284 0.472632742196682 -0.195219838062347 0
1.69140625 0.0746709404752109 0.465529619975789 -0.19521983743966 0
1.693359375 0.0755731986308588 0.458339634781803 -0.19521983681903 0
1.6953125 0.0764613296735773 0.451064133996873 -0.195219836200922 0
1.697265625 0.0773351679042841 0.443704480752577 -0.195219835585796 0
1.69921875 0.078194550301517 0.4362620536693 -0.19521983497411 0
1.701171875 0.0790393165514298 0.428738246593117 -0.19521983436632 0
1.703125 0.0798693090772714 0.421134468330239 -0.195219833762879 0
1.705078125 0.0806843730683448 0.413452142379082 -0.195219833164236 0
1.70703125 0.0814843565084397 0.405692706660017 -0.195219832570837 0
1.708984375 0.0822691102037355 0.397857613242851 -0.195219831983121 0
1.7109375 0.0830384878101696 0.389948328072107 -0.195219831401527 0
1.712890625 0.0837923458602671 0.381966330690154 -0.195219830826487 0
1.71484375 0.084530543789428 0.373913113958243 -0.195219830258427 0
1.716796875 0.0852529439616665 0.365790183775512 -0.195219829697769 0
1.71875 0.0859594116948011 0.357599058795998 -0.195219829144929 0
1.720703125 0.0866498152850884 0.349341270143743 -0.195219828600318 0
1.72265625 0.0873240260313001 0.341018361126013 -0.19521982806434 0
1.724609375 0.0879819182582369 0.332631886944708 -0.19521982753739 0
1.7265625 0.0886233693396778 0.324183414406017 -0.195219827019861 0
1.728515625 0.0892482597207604 0.315674521628355 -0.195219826512135 0
1.73046875 0.0898564729397886 0.307106797748651 -0.195219826014589 0
1.732421875 0.0904478956494661 0.298481842627036 -0.195219825527589 0
1.734375 0.0910224176375505 0.289801266549983 -0.195219825051498 0
1.736328125 0.0915799318469269 0.28106668993194 -0.195219824586666 0
1.73828125 0.0921203343950971 0.272279743015531 -0.195219824133438 0
1.740234375 0.0926435245930813 0.263442065570355 -0.195219823692149 0
1.7421875 0.0931494049637313 0.254555306590439 -0.195219823263124 0
1.744140625 0.0936378812594502 0.245621123990401 -0.195219822846681 0
1.74609375 0.0941088624793188 0.236641184300365 -0.195219822443126 0
1.748046875 0.0945622608856236 0.227617162359682 -0.195219822052759 0
1.75 0.0949979920197863 0.218550741009505 -0.195219821675866 0
1.751953125 0.0954159747176919 0.209443610784257 -0.195219821312727 0
1.75390625 0.0958161311244123 0.200297469602061 -0.195219820963608 0
1.755859375 0.096198386708325 0.19111402245415 -0.195219820628768 0
1.7578125 0.0965626702746239 0.181894981093332 -0.195219820308453 0
1.759765625 0.0969089139782208 0.172642063721537 -0.195219820002899 0
1.76171875 0.0972370533360361 0.163356994676498 -0.195219819712332 0
1.763671875 0.0975470272386759 0.154041504117617 -0.195219819436965 0
1.765625 0.0978387779614956 0.144697327711054 -0.195219819177002 0
1.767578125 0.0981122511750472 0.135326206314081 -0.195219818932633 0
1.76953125 0.0983673959549099 0.125929885658755 -0.195219818704039 0
1.771484375 0.0986041647909017 0.116510116034952 -0.195219818491388 0
1.7734375 0.0988225135956715 0.107068651972794 -0.195219818294836 0
1.775390625 0.0990224017126704 0.0976072519245325 -0.195219818114528 0
1.77734375 0.0992037919235017 0.0881276779459075 -0.195219817950597 0
1.779296875 0.0993666504546466 0.0786316953770497 -0.195219817803164 0
1.78125 0.0995109469835683 0.069121072522949 -0.195219817672336 0
1.783203125 0.0996366546441894 0.0595975803335415 -0.195219817558211 0
1.78515625 0.0997437500317462 0.0500629920834545 -0.195219817460871 0
1.787109375 0.0998322132070154 0.0405190830514517 -0.19521981738039 0
1.7890625 0.0999020276999159 0.0309676301996196 -0.195219817316824 0
1.791015625 0.0999531805124826 0.0214104118523383 -0.195219817270223 0
1.79296875 0.0999856621212141 0.0118492073750763 -0.195219817240619 0
1.794921875 0.0999994664787915 0.00228579685305225 -0.195219817228035 0
1.796875 0.0999945910151713 -0.0072780392301957 -0.19521981723248 0
1.798828125 0.0999710366380486 -0.0168405203142919 -0.19521981725395 0
1.80078125 0.0999288077326936 -0.0263998660835147 -0.19521981729243 0
1.802734375 0.0998679121611599 -0.035954296788257 -0.195219817347892 0
1.8046875 0.0997883612608645 -0.045502033566414 -0.195219817420294 0
1.806640625 0.0996901698425411 -0.0550412987646566 -0.195219817509584 0
1.80859375 0.099573356187565 -0.0645703162595503 -0.195219817615695 0
1.810546875 0.0994379420446522 -0.0740873117784771 -0.19521981773855 0
1.8125 0.0992839526259304 -0.0835905132203188 -0.195219817878059 0
1.814453125 0.0991114166023853 -0.0930781509758609 -0.195219818034118 0
1.81640625 0.0989203660986809 -0.102548458247874 -0.195219818206613 0
1.818359375 0.0987108366873546 -0.111999671370834 -0.195219818395418 0
1.8203125 0.0984828673823886 -0.12143003013023 -0.195219818600392 0
1.822265625 0.0982365006321584 -0.130837778081433 -0.195219818821386 0
1.82421875 0.097971782311758 -0.140221162868064 -0.195219819058236 0
1.826171875 0.097688761714705 -0.149578436539834 -0.195219819310768 0
1.828125 0.0973874915440243 -0.158907855869807 -0.195219819578797 0
1.830078125 0.0970680279027135 -0.168207682671037 -0.195219819862125 0
1.83203125 0.0967304302835905 -0.177476184112545 -0.195219820160542 0
1.833984375 0.0963747615585239 -0.186711633034586 -0.19521982047383 0
1.8359375 0.0960010879670492 -0.195912308263159 -0.195219820801757 0
1.837890625 0.095609479104371 -0.205076494923726 -0.195219821144082 0
1.83984375 0.0952000079087534 -0.214202484754079 -0.195219821500552 0
1.841796875 0.0947727506483003 -0.223288576416324 -0.195219821870905 0
1.84375 0.0943277869071271 -0.232333075807926 -0.195219822254867 0
1.845703125 0.0938651995709256 -0.241334296371773 -0.195219822652154 0
1.84765625 0.0933850748119249 -0.250290559405211 -0.195219823062474 0
1.849609375 0.092887502073249 -0.259200194368001 -0.195219823485524 0
1.8515625 0.0923725740526749 -0.268061539189155 -0.195219823920991 0
1.853515625 0.0918403866857914 -0.276872940572599 -0.195219824368554 0
1.85546875 0.0912910391285632 -0.285632754301607 -0.195219824827881 0
1.857421875 0.0907246337393007 -0.29433934554198 -0.195219825298634 0
1.859375 0.0901412760600398 -0.302991089143883 -0.195219825780464 0
1.861328125 0.0895410747973324 -0.311586369942336 -0.195219826273014 0
1.86328125 0.0889241418024526 -0.320123583056261 -0.195219826775921 0
1.865234375 0.0882905920510189 -0.328601134186071 -0.195219827288811 0
1.8671875 0.0876405436220382 -0.337017439909733 -0.195219827811306 0
1.869140625 0.0869741176763715 -0.345370927977247 -0.195219828343018 0
1.87109375 0.0862914384346271 -0.353660037603503 -0.195219828883552 0
1.873046875 0.0855926331544829 -0.361883219759456 -0.195219829432509 0
1.875 0.0848778321074417 -0.370038937461565 -0.195219829989482 0
1.876953125 0.0841471685550236 -0.378125666059438 -0.195219830554056 0
1.87890625 0.0834007787243971 -0.38614189352164 -0.195219831125812 0
1.880859375 0.0826388017834547 -0.394086120719599 -0.195219831704327 0
1.8828125 0.0818613798153361 -0.401956861709557 -0.195219832289171 0
1.884765625 0.0810686577924017 -0.409752644012516 -0.195219832879908 0
1.88671875 0.0802607835496622 -0.417472008892111 -0.195219833476101 0
1.888671875 0.0794379077576669 -0.425113511630373 -0.195219834077304 0
1.890625 0.0786001838948561 -0.432675721801298 -0.195219834683071 0
1.892578125 0.0777477682193806 -0.440157223542193 -0.195219835292951 0
1.89453125 0.0768808197403944 -0.447556615822724 -0.19521983590649 0
1.896484375 0.0759995001888231 -0.454872512711612 -0.19521983652323 0
1.8984375 0.0751039739876147 -0.462103543640922 -0.195219837142712 0
1.900390625 0.0741944082214758 -0.469248353667883 -0.195219837764474 0
1.90234375 0.0732709726060995 -0.476305603734186 -0.195219838388051 0
1.904296875 0.0723338394568891 -0.483273970922695 -0.19521983901298 0
1.90625 0.0713831836571827 -0.490152148711515 -0.195219839638792 0
1.908203125 0.0704191826259847 -0.49693884722536 -0.19521984026502 0
1.91015625 0.0694420162852086 -0.503632793484157 -0.195219840891197 0
1.912109375 0.0684518670264372 -0.510232731648837 -0.195219841516854 0
1.9140625 0.0674489196772054 -0.516737423264236 -0.195219842141523 0
1.916015625 0.0664333614668113 -0.523145647499067 -0.195219842764736 0
1.91796875 0.0654053819916621 -0.529456201382892 -0.195219843386027 0
1.919921875 0.0643651731801594 -0.535667900040034 -0.195219844004931 0
1.921875 0.0633129292571308 -0.541779576920378 -0.195219844620984 0
1.923828125 0.0622488467078142 -0.547790084026994 -0.195219845233723 0
1.92578125 0.0611731242414003 -0.553698292140531 -0.19521984584269 0
1.927734375 0.0600859627541402 -0.559503091040315 -0.195219846447427 0
1.9296875 0.0589875652920241 -0.565203389722101 -0.195219847047481 0
1.931640625 0.0578781370130383 -0.570798116612412 -0.1952198476424 0
1.93359375 0.0567578851490069 -0.576286219779421 -0.195219848231739 0
1.935546875 0.0556270189670249 -0.581666667140302 -0.195219848815053 0
1.9375 0.0544857497304901 -0.586938446665005 -0.195219849391904 0
1.939453125 0.0533342906597397 -0.592100566576395 -0.195219849961859 0
1.94140625 0.052172856892301 -0.5971520555467 -0.195219850524488 0
1.943359375 0.0510016654427604 -0.60209196289021 -0.195219851079368 0
1.9453125 0.0498209351622611 -0.606919358752173 -0.19521985162608 0
1.947265625 0.0486308866976348 -0.611633334293839 -0.195219852164214 0
1.94921875 0.0474317424501758 -0.616233001873588 -0.195219852693363 0
1.951171875 0.0462237265340661 -0.620717495224098 -0.195219853213129 0
1.953125 0.0450070647344567 -0.625085969625505 -0.195219853723119 0
1.955078125 0.0437819844652164 -0.62933760207448 -0.195219854222948 0
1.95703125 0.0425487147263533 -0.633471591449207 -0.19521985471224 0
1.958984375 0.041307486061118 -0.637487158670184 -0.195219855190625 0
1.9609375 0.0400585305127979 -0.641383546856809 -0.195219855657741 0
1.962890625 0.0388020815812086 -0.645160021479712 -0.195219856113236 0
1.96484375 0.0375383741788927 -0.648815870508765 -0.195219856556765 0
1.966796875 0.0362676445870337 -0.652350404556741 -0.195219856987993 0
1.96875 0.034990130411093 -0.65576295701858 -0.195219857406594 0
1.970703125 0.0337060705361799 -0.659052884206197 -0.195219857812251 0
1.97265625 0.0324157050821625 -0.662219565478818 -0.195219858204657 0
1.974609375 0.0311192753585282 -0.665262403368773 -0.195219858583515 0
1.9765625 0.0298170238190032 -0.668180823702737 -0.195219858948538 0
1.978515625 0.0285091940159394 -0.670974275718352 -0.195219859299451 0
1.98046875 0.0271960305544784 -0.673642232176207 -0.195219859635986 0
1.982421875 0.0258777790465011 -0.676184189467147 -0.195219859957889 0
1.984375 0.0245546860643724 -0.67859966771485 -0.195219860264917 0
1.986328125 0.02322699909449 -0.680888210873671 -0.195219860556835 0
1.98828125 0.0218949664906471 -0.683049386821694 -0.195219860833424 0
1.990234375 0.0205588374272177 -0.68508278744898 -0.195219861094473 0
1.9921875 0.0192188618521745 -0.686988028740964 -0.195219861339784 0
1.994140625 0.0178752904399483 -0.688764750857001 -0.195219861569171 0
1.99609375 0.0165283745441394 -0.690412618203995 -0.195219861782461 0
1.998046875 0.015178366150089 -0.691931319505128 -0.19521986197949 0
2 0.0138255178273224 -0.693320567863639 -0.19521986216011 0
